# iter evar old evar new deltae threshold
1 0 -76.341391212174187 -76.341391212174187 1.e-10
2 -76.341391212174187 -76.341391813669404 -.000000601495217 1.e-10
3 -76.341391813669404 -76.341392152547684 -.000000338878280 1.e-10
4 -76.341392152547684 -76.341392237883881 -.000000085336197 1.e-10
5 -76.341392237883881 -76.341392243158992 -.000000005275111 1.e-10
6 -76.341392243158992 -76.341392241738376 .000000001420616 1.e-10
7 -76.341392241738376 -76.341392242567764 -.000000000829388 1.e-10
8 -76.341392242567764 -76.341392243388142 -.000000000820378 1.e-10
9 -76.341392243388142 -76.341392243645615 -.000000000257473 1.e-10
10 -76.341392243645615 -76.341392243672232 -.000000000026617 1.e-10
