# iter evar old evar new deltae threshold
1 0 -76.340831538088437 -76.340831538088437 1.e-10
2 -76.340831538088437 -76.341160741459262 -.000329203370825 1.e-10
3 -76.341160741459262 -76.341322749672315 -.000162008213053 1.e-10
4 -76.341322749672315 -76.341350698253024 -.000027948580709 1.e-10
5 -76.341350698253024 -76.341350109276377 .000000588976647 1.e-10
6 -76.341350109276377 -76.341350037938398 .000000071337979 1.e-10
7 -76.341350037938398 -76.341350731414323 -.000000693475925 1.e-10
8 -76.341350731414323 -76.341351037286543 -.000000305872220 1.e-10
9 -76.341351037286543 -76.341351083962152 -.000000046675609 1.e-10
10 -76.341351083962152 -76.341351081899518 .000000002062634 1.e-10
11 -76.341351081899518 -76.341351082136669 -.000000000237151 1.e-10
12 -76.341351082136669 -76.341351083588847 -.000000001452178 1.e-10
13 -76.341351083588847 -76.341351084148684 -.000000000559837 1.e-10
14 -76.341351084148684 -76.341351084216427 -.000000000067743 1.e-10
