    0.0000000000     0.0000000000     0.0500000007     0.0500000007     1.9715349808     1.4694045476
    0.0125663706     0.0006283020     0.0499960530     0.0500000007     1.9715349808     1.4694045476
    0.0251327412     0.0012565048     0.0499842102     0.0500000007     1.9715349808     1.4694045476
    0.0376991118     0.0018845092     0.0499644744     0.0500000007     1.9715349808     1.4694045476
    0.0502654825     0.0025122159     0.0499368486     0.0500000007     1.9715349808     1.4694045476
    0.0628318531     0.0031395260     0.0499013372     0.0500000007     1.9715349808     1.4694045476
    0.0753982237     0.0037663403     0.0498579458     0.0500000007     1.9715349808     1.4694045476
    0.0879645943     0.0043925599     0.0498066812     0.0500000007     1.9715349808     1.4694045476
    0.1005309649     0.0050180858     0.0497475516     0.0500000007     1.9715349808     1.4694045476
    0.1130973355     0.0056428193     0.0496805663     0.0500000007     1.9715349808     1.4694045476
    0.1256637061     0.0062666618     0.0496057358     0.0500000007     1.9715349808     1.4694045476
    0.1382300768     0.0068895146     0.0495230720     0.0500000007     1.9715349808     1.4694045476
    0.1507964474     0.0075112796     0.0494325880     0.0500000007     1.9715349808     1.4694045476
    0.1633628180     0.0081318584     0.0493342979     0.0500000007     1.9715349808     1.4694045476
    0.1759291886     0.0087511531     0.0492282175     0.0500000007     1.9715349808     1.4694045476
    0.1884955592     0.0093690659     0.0491143633     0.0500000007     1.9715349808     1.4694045476
    0.2010619298     0.0099854992     0.0489927533     0.0500000007     1.9715349808     1.4694045476
    0.2136283004     0.0106003557     0.0488634069     0.0500000007     1.9715349808     1.4694045476
    0.2261946711     0.0112135382     0.0487263444     0.0500000007     1.9715349808     1.4694045476
    0.2387610417     0.0118249500     0.0485815874     0.0500000007     1.9715349808     1.4694045476
    0.2513274123     0.0124344945     0.0484291588     0.0500000007     1.9715349808     1.4694045476
    0.2638937829     0.0130420755     0.0482690827     0.0500000007     1.9715349808     1.4694045476
    0.2764601535     0.0136475970     0.0481013843     0.0500000007     1.9715349808     1.4694045476
    0.2890265241     0.0142509633     0.0479260902     0.0500000007     1.9715349808     1.4694045476
    0.3015928947     0.0148520793     0.0477432279     0.0500000007     1.9715349808     1.4694045476
    0.3141592654     0.0154508499     0.0475528265     0.0500000007     1.9715349808     1.4694045476
    0.3267256360     0.0160471807     0.0473549160     0.0500000007     1.9715349808     1.4694045476
    0.3392920066     0.0166409775     0.0471495275     0.0500000007     1.9715349808     1.4694045476
    0.3518583772     0.0172321464     0.0469366936     0.0500000007     1.9715349808     1.4694045476
    0.3644247478     0.0178205942     0.0467164478     0.0500000007     1.9715349808     1.4694045476
    0.3769911184     0.0184062279     0.0464888250     0.0500000007     1.9715349808     1.4694045476
    0.3895574890     0.0189889551     0.0462538610     0.0500000007     1.9715349808     1.4694045476
    0.4021238597     0.0195686836     0.0460115931     0.0500000007     1.9715349808     1.4694045476
    0.4146902303     0.0201453221     0.0457620593     0.0500000007     1.9715349808     1.4694045476
    0.4272566009     0.0207187794     0.0455052992     0.0500000007     1.9715349808     1.4694045476
    0.4398229715     0.0212889649     0.0452413533     0.0500000007     1.9715349808     1.4694045476
    0.4523893421     0.0218557887     0.0449702632     0.0500000007     1.9715349808     1.4694045476
    0.4649557127     0.0224191611     0.0446920719     0.0500000007     1.9715349808     1.4694045476
    0.4775220833     0.0229789934     0.0444068231     0.0500000007     1.9715349808     1.4694045476
    0.4900884540     0.0235351970     0.0441145620     0.0500000007     1.9715349808     1.4694045476
    0.5026548246     0.0240876841     0.0438153347     0.0500000007     1.9715349808     1.4694045476
    0.5152211952     0.0246363674     0.0435091884     0.0500000007     1.9715349808     1.4694045476
    0.5277875658     0.0251811605     0.0431961715     0.0500000007     1.9715349808     1.4694045476
    0.5403539364     0.0257219771     0.0428763334     0.0500000007     1.9715349808     1.4694045476
    0.5529203070     0.0262587319     0.0425497247     0.0500000007     1.9715349808     1.4694045476
    0.5654866776     0.0267913401     0.0422163969     0.0500000007     1.9715349808     1.4694045476
    0.5780530483     0.0273197177     0.0418764026     0.0500000007     1.9715349808     1.4694045476
    0.5906194189     0.0278437812     0.0415297956     0.0500000007     1.9715349808     1.4694045476
    0.6031857895     0.0283634479     0.0411766305     0.0500000007     1.9715349808     1.4694045476
    0.6157521601     0.0288786356     0.0408169631     0.0500000007     1.9715349808     1.4694045476
    0.6283185307     0.0293892631     0.0404508503     0.0500000007     1.9715349808     1.4694045476
    0.6408849013     0.0298952496     0.0400783498     0.0500000007     1.9715349808     1.4694045476
    0.6534512719     0.0303965153     0.0396995205     0.0500000007     1.9715349808     1.4694045476
    0.6660176426     0.0308929811     0.0393144222     0.0500000007     1.9715349808     1.4694045476
    0.6785840132     0.0313845685     0.0389231157     0.0500000007     1.9715349808     1.4694045476
    0.6911503838     0.0318712000     0.0385256627     0.0500000007     1.9715349808     1.4694045476
    0.7037167544     0.0323527986     0.0381221261     0.0500000007     1.9715349808     1.4694045476
    0.7162831250     0.0328292883     0.0377125696     0.0500000007     1.9715349808     1.4694045476
    0.7288494956     0.0333005939     0.0372970578     0.0500000007     1.9715349808     1.4694045476
    0.7414158662     0.0337666409     0.0368756564     0.0500000007     1.9715349808     1.4694045476
    0.7539822369     0.0342273558     0.0364484319     0.0500000007     1.9715349808     1.4694045476
    0.7665486075     0.0346826658     0.0360154518     0.0500000007     1.9715349808     1.4694045476
    0.7791149781     0.0351324990     0.0355767844     0.0500000007     1.9715349808     1.4694045476
    0.7916813487     0.0355767844     0.0351324990     0.0500000007     1.9715349808     1.4694045476
    0.8042477193     0.0360154518     0.0346826658     0.0500000007     1.9715349808     1.4694045476
    0.8168140899     0.0364484319     0.0342273558     0.0500000007     1.9715349808     1.4694045476
    0.8293804605     0.0368756564     0.0337666409     0.0500000007     1.9715349808     1.4694045476
    0.8419468312     0.0372970578     0.0333005939     0.0500000007     1.9715349808     1.4694045476
    0.8545132018     0.0377125696     0.0328292883     0.0500000007     1.9715349808     1.4694045476
    0.8670795724     0.0381221261     0.0323527986     0.0500000007     1.9715349808     1.4694045476
    0.8796459430     0.0385256627     0.0318712000     0.0500000007     1.9715349808     1.4694045476
    0.8922123136     0.0389231157     0.0313845685     0.0500000007     1.9715349808     1.4694045476
    0.9047786842     0.0393144222     0.0308929811     0.0500000007     1.9715349808     1.4694045476
    0.9173450548     0.0396995205     0.0303965153     0.0500000007     1.9715349808     1.4694045476
    0.9299114255     0.0400783498     0.0298952496     0.0500000007     1.9715349808     1.4694045476
    0.9424777961     0.0404508503     0.0293892631     0.0500000007     1.9715349808     1.4694045476
    0.9550441667     0.0408169631     0.0288786356     0.0500000007     1.9715349808     1.4694045476
    0.9676105373     0.0411766305     0.0283634479     0.0500000007     1.9715349808     1.4694045476
    0.9801769079     0.0415297956     0.0278437812     0.0500000007     1.9715349808     1.4694045476
    0.9927432785     0.0418764026     0.0273197177     0.0500000007     1.9715349808     1.4694045476
    1.0053096491     0.0422163969     0.0267913401     0.0500000007     1.9715349808     1.4694045476
    1.0178760198     0.0425497247     0.0262587319     0.0500000007     1.9715349808     1.4694045476
    1.0304423904     0.0428763334     0.0257219771     0.0500000007     1.9715349808     1.4694045476
    1.0430087610     0.0431961715     0.0251811605     0.0500000007     1.9715349808     1.4694045476
    1.0555751316     0.0435091884     0.0246363674     0.0500000007     1.9715349808     1.4694045476
    1.0681415022     0.0438153347     0.0240876841     0.0500000007     1.9715349808     1.4694045476
    1.0807078728     0.0441145620     0.0235351970     0.0500000007     1.9715349808     1.4694045476
    1.0932742434     0.0444068231     0.0229789934     0.0500000007     1.9715349808     1.4694045476
    1.1058406141     0.0446920719     0.0224191611     0.0500000007     1.9715349808     1.4694045476
    1.1184069847     0.0449702632     0.0218557887     0.0500000007     1.9715349808     1.4694045476
    1.1309733553     0.0452413533     0.0212889649     0.0500000007     1.9715349808     1.4694045476
    1.1435397259     0.0455052992     0.0207187794     0.0500000007     1.9715349808     1.4694045476
    1.1561060965     0.0457620593     0.0201453221     0.0500000007     1.9715349808     1.4694045476
    1.1686724671     0.0460115931     0.0195686836     0.0500000007     1.9715349808     1.4694045476
    1.1812388377     0.0462538610     0.0189889551     0.0500000007     1.9715349808     1.4694045476
    1.1938052084     0.0464888250     0.0184062279     0.0500000007     1.9715349808     1.4694045476
    1.2063715790     0.0467164478     0.0178205942     0.0500000007     1.9715349808     1.4694045476
    1.2189379496     0.0469366936     0.0172321464     0.0500000007     1.9715349808     1.4694045476
    1.2315043202     0.0471495275     0.0166409775     0.0500000007     1.9715349808     1.4694045476
    1.2440706908     0.0473549160     0.0160471807     0.0500000007     1.9715349808     1.4694045476
    1.2566370614     0.0475528265     0.0154508499     0.0500000007     1.9715349808     1.4694045476
    1.2692034321     0.0477432279     0.0148520793     0.0500000007     1.9715349808     1.4694045476
    1.2817698027     0.0479260902     0.0142509633     0.0500000007     1.9715349808     1.4694045476
    1.2943361733     0.0481013843     0.0136475970     0.0500000007     1.9715349808     1.4694045476
    1.3069025439     0.0482690827     0.0130420755     0.0500000007     1.9715349808     1.4694045476
    1.3194689145     0.0484291588     0.0124344945     0.0500000007     1.9715349808     1.4694045476
    1.3320352851     0.0485815874     0.0118249500     0.0500000007     1.9715349808     1.4694045476
    1.3446016557     0.0487263444     0.0112135382     0.0500000007     1.9715349808     1.4694045476
    1.3571680264     0.0488634069     0.0106003557     0.0500000007     1.9715349808     1.4694045476
    1.3697343970     0.0489927533     0.0099854992     0.0500000007     1.9715349808     1.4694045476
    1.3823007676     0.0491143633     0.0093690659     0.0500000007     1.9715349808     1.4694045476
    1.3948671382     0.0492282175     0.0087511531     0.0500000007     1.9715349808     1.4694045476
    1.4074335088     0.0493342979     0.0081318584     0.0500000007     1.9715349808     1.4694045476
    1.4199998794     0.0494325880     0.0075112796     0.0500000007     1.9715349808     1.4694045476
    1.4325662500     0.0495230720     0.0068895146     0.0500000007     1.9715349808     1.4694045476
    1.4451326207     0.0496057358     0.0062666618     0.0500000007     1.9715349808     1.4694045476
    1.4576989913     0.0496805663     0.0056428193     0.0500000007     1.9715349808     1.4694045476
    1.4702653619     0.0497475516     0.0050180858     0.0500000007     1.9715349808     1.4694045476
    1.4828317325     0.0498066812     0.0043925599     0.0500000007     1.9715349808     1.4694045476
    1.4953981031     0.0498579458     0.0037663403     0.0500000007     1.9715349808     1.4694045476
    1.5079644737     0.0499013372     0.0031395260     0.0500000007     1.9715349808     1.4694045476
    1.5205308443     0.0499368486     0.0025122159     0.0500000007     1.9715349808     1.4694045476
    1.5330972150     0.0499644744     0.0018845092     0.0500000007     1.9715349808     1.4694045476
    1.5456635856     0.0499842102     0.0012565048     0.0500000007     1.9715349808     1.4694045476
    1.5582299562     0.0499960530     0.0006283020     0.0500000007     1.9715349808     1.4694045476
    1.5707963268     0.0500000007    -0.0000000000     0.0500000007     1.9715349808     1.4694045476
    1.5833626974     0.0499960530    -0.0006283020     0.0500000007     1.9715349808     1.4694045476
    1.5959290680     0.0499842102    -0.0012565048     0.0500000007     1.9715349808     1.4694045476
    1.6084954386     0.0499644744    -0.0018845092     0.0500000007     1.9715349808     1.4694045476
    1.6210618093     0.0499368486    -0.0025122159     0.0500000007     1.9715349808     1.4694045476
    1.6336281799     0.0499013372    -0.0031395260     0.0500000007     1.9715349808     1.4694045476
    1.6461945505     0.0498579458    -0.0037663403     0.0500000007     1.9715349808     1.4694045476
    1.6587609211     0.0498066812    -0.0043925599     0.0500000007     1.9715349808     1.4694045476
    1.6713272917     0.0497475516    -0.0050180858     0.0500000007     1.9715349808     1.4694045476
    1.6838936623     0.0496805663    -0.0056428193     0.0500000007     1.9715349808     1.4694045476
    1.6964600329     0.0496057358    -0.0062666618     0.0500000007     1.9715349808     1.4694045476
    1.7090264036     0.0495230720    -0.0068895146     0.0500000007     1.9715349808     1.4694045476
    1.7215927742     0.0494325880    -0.0075112796     0.0500000007     1.9715349808     1.4694045476
    1.7341591448     0.0493342979    -0.0081318584     0.0500000007     1.9715349808     1.4694045476
    1.7467255154     0.0492282175    -0.0087511531     0.0500000007     1.9715349808     1.4694045476
    1.7592918860     0.0491143633    -0.0093690659     0.0500000007     1.9715349808     1.4694045476
    1.7718582566     0.0489927533    -0.0099854992     0.0500000007     1.9715349808     1.4694045476
    1.7844246272     0.0488634069    -0.0106003557     0.0500000007     1.9715349808     1.4694045476
    1.7969909979     0.0487263444    -0.0112135382     0.0500000007     1.9715349808     1.4694045476
    1.8095573685     0.0485815874    -0.0118249500     0.0500000007     1.9715349808     1.4694045476
    1.8221237391     0.0484291588    -0.0124344945     0.0500000007     1.9715349808     1.4694045476
    1.8346901097     0.0482690827    -0.0130420755     0.0500000007     1.9715349808     1.4694045476
    1.8472564803     0.0481013843    -0.0136475970     0.0500000007     1.9715349808     1.4694045476
    1.8598228509     0.0479260902    -0.0142509633     0.0500000007     1.9715349808     1.4694045476
    1.8723892215     0.0477432279    -0.0148520793     0.0500000007     1.9715349808     1.4694045476
    1.8849555922     0.0475528265    -0.0154508499     0.0500000007     1.9715349808     1.4694045476
    1.8975219628     0.0473549160    -0.0160471807     0.0500000007     1.9715349808     1.4694045476
    1.9100883334     0.0471495275    -0.0166409775     0.0500000007     1.9715349808     1.4694045476
    1.9226547040     0.0469366936    -0.0172321464     0.0500000007     1.9715349808     1.4694045476
    1.9352210746     0.0467164478    -0.0178205942     0.0500000007     1.9715349808     1.4694045476
    1.9477874452     0.0464888250    -0.0184062279     0.0500000007     1.9715349808     1.4694045476
    1.9603538158     0.0462538610    -0.0189889551     0.0500000007     1.9715349808     1.4694045476
    1.9729201865     0.0460115931    -0.0195686836     0.0500000007     1.9715349808     1.4694045476
    1.9854865571     0.0457620593    -0.0201453221     0.0500000007     1.9715349808     1.4694045476
    1.9980529277     0.0455052992    -0.0207187794     0.0500000007     1.9715349808     1.4694045476
    2.0106192983     0.0452413533    -0.0212889649     0.0500000007     1.9715349808     1.4694045476
    2.0231856689     0.0449702632    -0.0218557887     0.0500000007     1.9715349808     1.4694045476
    2.0357520395     0.0446920719    -0.0224191611     0.0500000007     1.9715349808     1.4694045476
    2.0483184101     0.0444068231    -0.0229789934     0.0500000007     1.9715349808     1.4694045476
    2.0608847808     0.0441145620    -0.0235351970     0.0500000007     1.9715349808     1.4694045476
    2.0734511514     0.0438153347    -0.0240876841     0.0500000007     1.9715349808     1.4694045476
    2.0860175220     0.0435091884    -0.0246363674     0.0500000007     1.9715349808     1.4694045476
    2.0985838926     0.0431961715    -0.0251811605     0.0500000007     1.9715349808     1.4694045476
    2.1111502632     0.0428763334    -0.0257219771     0.0500000007     1.9715349808     1.4694045476
    2.1237166338     0.0425497247    -0.0262587319     0.0500000007     1.9715349808     1.4694045476
    2.1362830044     0.0422163969    -0.0267913401     0.0500000007     1.9715349808     1.4694045476
    2.1488493751     0.0418764026    -0.0273197177     0.0500000007     1.9715349808     1.4694045476
    2.1614157457     0.0415297956    -0.0278437812     0.0500000007     1.9715349808     1.4694045476
    2.1739821163     0.0411766305    -0.0283634479     0.0500000007     1.9715349808     1.4694045476
    2.1865484869     0.0408169631    -0.0288786356     0.0500000007     1.9715349808     1.4694045476
    2.1991148575     0.0404508503    -0.0293892631     0.0500000007     1.9715349808     1.4694045476
    2.2116812281     0.0400783498    -0.0298952496     0.0500000007     1.9715349808     1.4694045476
    2.2242475987     0.0396995205    -0.0303965153     0.0500000007     1.9715349808     1.4694045476
    2.2368139694     0.0393144222    -0.0308929811     0.0500000007     1.9715349808     1.4694045476
    2.2493803400     0.0389231157    -0.0313845685     0.0500000007     1.9715349808     1.4694045476
    2.2619467106     0.0385256627    -0.0318712000     0.0500000007     1.9715349808     1.4694045476
    2.2745130812     0.0381221261    -0.0323527986     0.0500000007     1.9715349808     1.4694045476
    2.2870794518     0.0377125696    -0.0328292883     0.0500000007     1.9715349808     1.4694045476
    2.2996458224     0.0372970578    -0.0333005939     0.0500000007     1.9715349808     1.4694045476
    2.3122121930     0.0368756564    -0.0337666409     0.0500000007     1.9715349808     1.4694045476
    2.3247785637     0.0364484319    -0.0342273558     0.0500000007     1.9715349808     1.4694045476
    2.3373449343     0.0360154518    -0.0346826658     0.0500000007     1.9715349808     1.4694045476
    2.3499113049     0.0355767844    -0.0351324990     0.0500000007     1.9715349808     1.4694045476
    2.3624776755     0.0351324990    -0.0355767844     0.0500000007     1.9715349808     1.4694045476
    2.3750440461     0.0346826658    -0.0360154518     0.0500000007     1.9715349808     1.4694045476
    2.3876104167     0.0342273558    -0.0364484319     0.0500000007     1.9715349808     1.4694045476
    2.4001767873     0.0337666409    -0.0368756564     0.0500000007     1.9715349808     1.4694045476
    2.4127431580     0.0333005939    -0.0372970578     0.0500000007     1.9715349808     1.4694045476
    2.4253095286     0.0328292883    -0.0377125696     0.0500000007     1.9715349808     1.4694045476
    2.4378758992     0.0323527986    -0.0381221261     0.0500000007     1.9715349808     1.4694045476
    2.4504422698     0.0318712000    -0.0385256627     0.0500000007     1.9715349808     1.4694045476
    2.4630086404     0.0313845685    -0.0389231157     0.0500000007     1.9715349808     1.4694045476
    2.4755750110     0.0308929811    -0.0393144222     0.0500000007     1.9715349808     1.4694045476
    2.4881413816     0.0303965153    -0.0396995205     0.0500000007     1.9715349808     1.4694045476
    2.5007077523     0.0298952496    -0.0400783498     0.0500000007     1.9715349808     1.4694045476
    2.5132741229     0.0293892631    -0.0404508503     0.0500000007     1.9715349808     1.4694045476
    2.5258404935     0.0288786356    -0.0408169631     0.0500000007     1.9715349808     1.4694045476
    2.5384068641     0.0283634479    -0.0411766305     0.0500000007     1.9715349808     1.4694045476
    2.5509732347     0.0278437812    -0.0415297956     0.0500000007     1.9715349808     1.4694045476
    2.5635396053     0.0273197177    -0.0418764026     0.0500000007     1.9715349808     1.4694045476
    2.5761059759     0.0267913401    -0.0422163969     0.0500000007     1.9715349808     1.4694045476
    2.5886723466     0.0262587319    -0.0425497247     0.0500000007     1.9715349808     1.4694045476
    2.6012387172     0.0257219771    -0.0428763334     0.0500000007     1.9715349808     1.4694045476
    2.6138050878     0.0251811605    -0.0431961715     0.0500000007     1.9715349808     1.4694045476
    2.6263714584     0.0246363674    -0.0435091884     0.0500000007     1.9715349808     1.4694045476
    2.6389378290     0.0240876841    -0.0438153347     0.0500000007     1.9715349808     1.4694045476
    2.6515041996     0.0235351970    -0.0441145620     0.0500000007     1.9715349808     1.4694045476
    2.6640705702     0.0229789934    -0.0444068231     0.0500000007     1.9715349808     1.4694045476
    2.6766369409     0.0224191611    -0.0446920719     0.0500000007     1.9715349808     1.4694045476
    2.6892033115     0.0218557887    -0.0449702632     0.0500000007     1.9715349808     1.4694045476
    2.7017696821     0.0212889649    -0.0452413533     0.0500000007     1.9715349808     1.4694045476
    2.7143360527     0.0207187794    -0.0455052992     0.0500000007     1.9715349808     1.4694045476
    2.7269024233     0.0201453221    -0.0457620593     0.0500000007     1.9715349808     1.4694045476
    2.7394687939     0.0195686836    -0.0460115931     0.0500000007     1.9715349808     1.4694045476
    2.7520351645     0.0189889551    -0.0462538610     0.0500000007     1.9715349808     1.4694045476
    2.7646015352     0.0184062279    -0.0464888250     0.0500000007     1.9715349808     1.4694045476
    2.7771679058     0.0178205942    -0.0467164478     0.0500000007     1.9715349808     1.4694045476
    2.7897342764     0.0172321464    -0.0469366936     0.0500000007     1.9715349808     1.4694045476
    2.8023006470     0.0166409775    -0.0471495275     0.0500000007     1.9715349808     1.4694045476
    2.8148670176     0.0160471807    -0.0473549160     0.0500000007     1.9715349808     1.4694045476
    2.8274333882     0.0154508499    -0.0475528265     0.0500000007     1.9715349808     1.4694045476
    2.8399997588     0.0148520793    -0.0477432279     0.0500000007     1.9715349808     1.4694045476
    2.8525661295     0.0142509633    -0.0479260902     0.0500000007     1.9715349808     1.4694045476
    2.8651325001     0.0136475970    -0.0481013843     0.0500000007     1.9715349808     1.4694045476
    2.8776988707     0.0130420755    -0.0482690827     0.0500000007     1.9715349808     1.4694045476
    2.8902652413     0.0124344945    -0.0484291588     0.0500000007     1.9715349808     1.4694045476
    2.9028316119     0.0118249500    -0.0485815874     0.0500000007     1.9715349808     1.4694045476
    2.9153979825     0.0112135382    -0.0487263444     0.0500000007     1.9715349808     1.4694045476
    2.9279643531     0.0106003557    -0.0488634069     0.0500000007     1.9715349808     1.4694045476
    2.9405307238     0.0099854992    -0.0489927533     0.0500000007     1.9715349808     1.4694045476
    2.9530970944     0.0093690659    -0.0491143633     0.0500000007     1.9715349808     1.4694045476
    2.9656634650     0.0087511531    -0.0492282175     0.0500000007     1.9715349808     1.4694045476
    2.9782298356     0.0081318584    -0.0493342979     0.0500000007     1.9715349808     1.4694045476
    2.9907962062     0.0075112796    -0.0494325880     0.0500000007     1.9715349808     1.4694045476
    3.0033625768     0.0068895146    -0.0495230720     0.0500000007     1.9715349808     1.4694045476
    3.0159289474     0.0062666618    -0.0496057358     0.0500000007     1.9715349808     1.4694045476
    3.0284953181     0.0056428193    -0.0496805663     0.0500000007     1.9715349808     1.4694045476
    3.0410616887     0.0050180858    -0.0497475516     0.0500000007     1.9715349808     1.4694045476
    3.0536280593     0.0043925599    -0.0498066812     0.0500000007     1.9715349808     1.4694045476
    3.0661944299     0.0037663403    -0.0498579458     0.0500000007     1.9715349808     1.4694045476
    3.0787608005     0.0031395260    -0.0499013372     0.0500000007     1.9715349808     1.4694045476
    3.0913271711     0.0025122159    -0.0499368486     0.0500000007     1.9715349808     1.4694045476
    3.1038935417     0.0018845092    -0.0499644744     0.0500000007     1.9715349808     1.4694045476
    3.1164599124     0.0012565048    -0.0499842102     0.0500000007     1.9715349808     1.4694045476
    3.1290262830     0.0006283020    -0.0499960530     0.0500000007     1.9715349808     1.4694045476
    3.1415926536    -0.0000000000    -0.0500000007     0.0500000007     1.9715349808     1.4694045476
    3.1541590242    -0.0006283020    -0.0499960530     0.0500000007     1.9715349808     1.4694045476
    3.1667253948    -0.0012565048    -0.0499842102     0.0500000007     1.9715349808     1.4694045476
    3.1792917654    -0.0018845092    -0.0499644744     0.0500000007     1.9715349808     1.4694045476
    3.1918581360    -0.0025122159    -0.0499368486     0.0500000007     1.9715349808     1.4694045476
    3.2044245067    -0.0031395260    -0.0499013372     0.0500000007     1.9715349808     1.4694045476
    3.2169908773    -0.0037663403    -0.0498579458     0.0500000007     1.9715349808     1.4694045476
    3.2295572479    -0.0043925599    -0.0498066812     0.0500000007     1.9715349808     1.4694045476
    3.2421236185    -0.0050180858    -0.0497475516     0.0500000007     1.9715349808     1.4694045476
    3.2546899891    -0.0056428193    -0.0496805663     0.0500000007     1.9715349808     1.4694045476
    3.2672563597    -0.0062666618    -0.0496057358     0.0500000007     1.9715349808     1.4694045476
    3.2798227303    -0.0068895146    -0.0495230720     0.0500000007     1.9715349808     1.4694045476
    3.2923891010    -0.0075112796    -0.0494325880     0.0500000007     1.9715349808     1.4694045476
    3.3049554716    -0.0081318584    -0.0493342979     0.0500000007     1.9715349808     1.4694045476
    3.3175218422    -0.0087511531    -0.0492282175     0.0500000007     1.9715349808     1.4694045476
    3.3300882128    -0.0093690659    -0.0491143633     0.0500000007     1.9715349808     1.4694045476
    3.3426545834    -0.0099854992    -0.0489927533     0.0500000007     1.9715349808     1.4694045476
    3.3552209540    -0.0106003557    -0.0488634069     0.0500000007     1.9715349808     1.4694045476
    3.3677873246    -0.0112135382    -0.0487263444     0.0500000007     1.9715349808     1.4694045476
    3.3803536953    -0.0118249500    -0.0485815874     0.0500000007     1.9715349808     1.4694045476
    3.3929200659    -0.0124344945    -0.0484291588     0.0500000007     1.9715349808     1.4694045476
    3.4054864365    -0.0130420755    -0.0482690827     0.0500000007     1.9715349808     1.4694045476
    3.4180528071    -0.0136475970    -0.0481013843     0.0500000007     1.9715349808     1.4694045476
    3.4306191777    -0.0142509633    -0.0479260902     0.0500000007     1.9715349808     1.4694045476
    3.4431855483    -0.0148520793    -0.0477432279     0.0500000007     1.9715349808     1.4694045476
    3.4557519189    -0.0154508499    -0.0475528265     0.0500000007     1.9715349808     1.4694045476
    3.4683182896    -0.0160471807    -0.0473549160     0.0500000007     1.9715349808     1.4694045476
    3.4808846602    -0.0166409775    -0.0471495275     0.0500000007     1.9715349808     1.4694045476
    3.4934510308    -0.0172321464    -0.0469366936     0.0500000007     1.9715349808     1.4694045476
    3.5060174014    -0.0178205942    -0.0467164478     0.0500000007     1.9715349808     1.4694045476
    3.5185837720    -0.0184062279    -0.0464888250     0.0500000007     1.9715349808     1.4694045476
    3.5311501426    -0.0189889551    -0.0462538610     0.0500000007     1.9715349808     1.4694045476
    3.5437165132    -0.0195686836    -0.0460115931     0.0500000007     1.9715349808     1.4694045476
    3.5562828839    -0.0201453221    -0.0457620593     0.0500000007     1.9715349808     1.4694045476
    3.5688492545    -0.0207187794    -0.0455052992     0.0500000007     1.9715349808     1.4694045476
    3.5814156251    -0.0212889649    -0.0452413533     0.0500000007     1.9715349808     1.4694045476
    3.5939819957    -0.0218557887    -0.0449702632     0.0500000007     1.9715349808     1.4694045476
    3.6065483663    -0.0224191611    -0.0446920719     0.0500000007     1.9715349808     1.4694045476
    3.6191147369    -0.0229789934    -0.0444068231     0.0500000007     1.9715349808     1.4694045476
    3.6316811075    -0.0235351970    -0.0441145620     0.0500000007     1.9715349808     1.4694045476
    3.6442474782    -0.0240876841    -0.0438153347     0.0500000007     1.9715349808     1.4694045476
    3.6568138488    -0.0246363674    -0.0435091884     0.0500000007     1.9715349808     1.4694045476
    3.6693802194    -0.0251811605    -0.0431961715     0.0500000007     1.9715349808     1.4694045476
    3.6819465900    -0.0257219771    -0.0428763334     0.0500000007     1.9715349808     1.4694045476
    3.6945129606    -0.0262587319    -0.0425497247     0.0500000007     1.9715349808     1.4694045476
    3.7070793312    -0.0267913401    -0.0422163969     0.0500000007     1.9715349808     1.4694045476
    3.7196457019    -0.0273197177    -0.0418764026     0.0500000007     1.9715349808     1.4694045476
    3.7322120725    -0.0278437812    -0.0415297956     0.0500000007     1.9715349808     1.4694045476
    3.7447784431    -0.0283634479    -0.0411766305     0.0500000007     1.9715349808     1.4694045476
    3.7573448137    -0.0288786356    -0.0408169631     0.0500000007     1.9715349808     1.4694045476
    3.7699111843    -0.0293892631    -0.0404508503     0.0500000007     1.9715349808     1.4694045476
    3.7824775549    -0.0298952496    -0.0400783498     0.0500000007     1.9715349808     1.4694045476
    3.7950439255    -0.0303965153    -0.0396995205     0.0500000007     1.9715349808     1.4694045476
    3.8076102962    -0.0308929811    -0.0393144222     0.0500000007     1.9715349808     1.4694045476
    3.8201766668    -0.0313845685    -0.0389231157     0.0500000007     1.9715349808     1.4694045476
    3.8327430374    -0.0318712000    -0.0385256627     0.0500000007     1.9715349808     1.4694045476
    3.8453094080    -0.0323527986    -0.0381221261     0.0500000007     1.9715349808     1.4694045476
    3.8578757786    -0.0328292883    -0.0377125696     0.0500000007     1.9715349808     1.4694045476
    3.8704421492    -0.0333005939    -0.0372970578     0.0500000007     1.9715349808     1.4694045476
    3.8830085198    -0.0337666409    -0.0368756564     0.0500000007     1.9715349808     1.4694045476
    3.8955748905    -0.0342273558    -0.0364484319     0.0500000007     1.9715349808     1.4694045476
    3.9081412611    -0.0346826658    -0.0360154518     0.0500000007     1.9715349808     1.4694045476
    3.9207076317    -0.0351324990    -0.0355767844     0.0500000007     1.9715349808     1.4694045476
    3.9332740023    -0.0355767844    -0.0351324990     0.0500000007     1.9715349808     1.4694045476
    3.9458403729    -0.0360154518    -0.0346826658     0.0500000007     1.9715349808     1.4694045476
    3.9584067435    -0.0364484319    -0.0342273558     0.0500000007     1.9715349808     1.4694045476
    3.9709731141    -0.0368756564    -0.0337666409     0.0500000007     1.9715349808     1.4694045476
    3.9835394848    -0.0372970578    -0.0333005939     0.0500000007     1.9715349808     1.4694045476
    3.9961058554    -0.0377125696    -0.0328292883     0.0500000007     1.9715349808     1.4694045476
    4.0086722260    -0.0381221261    -0.0323527986     0.0500000007     1.9715349808     1.4694045476
    4.0212385966    -0.0385256627    -0.0318712000     0.0500000007     1.9715349808     1.4694045476
    4.0338049672    -0.0389231157    -0.0313845685     0.0500000007     1.9715349808     1.4694045476
    4.0463713378    -0.0393144222    -0.0308929811     0.0500000007     1.9715349808     1.4694045476
    4.0589377084    -0.0396995205    -0.0303965153     0.0500000007     1.9715349808     1.4694045476
    4.0715040791    -0.0400783498    -0.0298952496     0.0500000007     1.9715349808     1.4694045476
    4.0840704497    -0.0404508503    -0.0293892631     0.0500000007     1.9715349808     1.4694045476
    4.0966368203    -0.0408169631    -0.0288786356     0.0500000007     1.9715349808     1.4694045476
    4.1092031909    -0.0411766305    -0.0283634479     0.0500000007     1.9715349808     1.4694045476
    4.1217695615    -0.0415297956    -0.0278437812     0.0500000007     1.9715349808     1.4694045476
    4.1343359321    -0.0418764026    -0.0273197177     0.0500000007     1.9715349808     1.4694045476
    4.1469023027    -0.0422163969    -0.0267913401     0.0500000007     1.9715349808     1.4694045476
    4.1594686734    -0.0425497247    -0.0262587319     0.0500000007     1.9715349808     1.4694045476
    4.1720350440    -0.0428763334    -0.0257219771     0.0500000007     1.9715349808     1.4694045476
    4.1846014146    -0.0431961715    -0.0251811605     0.0500000007     1.9715349808     1.4694045476
    4.1971677852    -0.0435091884    -0.0246363674     0.0500000007     1.9715349808     1.4694045476
    4.2097341558    -0.0438153347    -0.0240876841     0.0500000007     1.9715349808     1.4694045476
    4.2223005264    -0.0441145620    -0.0235351970     0.0500000007     1.9715349808     1.4694045476
    4.2348668970    -0.0444068231    -0.0229789934     0.0500000007     1.9715349808     1.4694045476
    4.2474332677    -0.0446920719    -0.0224191611     0.0500000007     1.9715349808     1.4694045476
    4.2599996383    -0.0449702632    -0.0218557887     0.0500000007     1.9715349808     1.4694045476
    4.2725660089    -0.0452413533    -0.0212889649     0.0500000007     1.9715349808     1.4694045476
    4.2851323795    -0.0455052992    -0.0207187794     0.0500000007     1.9715349808     1.4694045476
    4.2976987501    -0.0457620593    -0.0201453221     0.0500000007     1.9715349808     1.4694045476
    4.3102651207    -0.0460115931    -0.0195686836     0.0500000007     1.9715349808     1.4694045476
    4.3228314913    -0.0462538610    -0.0189889551     0.0500000007     1.9715349808     1.4694045476
    4.3353978620    -0.0464888250    -0.0184062279     0.0500000007     1.9715349808     1.4694045476
    4.3479642326    -0.0467164478    -0.0178205942     0.0500000007     1.9715349808     1.4694045476
    4.3605306032    -0.0469366936    -0.0172321464     0.0500000007     1.9715349808     1.4694045476
    4.3730969738    -0.0471495275    -0.0166409775     0.0500000007     1.9715349808     1.4694045476
    4.3856633444    -0.0473549160    -0.0160471807     0.0500000007     1.9715349808     1.4694045476
    4.3982297150    -0.0475528265    -0.0154508499     0.0500000007     1.9715349808     1.4694045476
    4.4107960856    -0.0477432279    -0.0148520793     0.0500000007     1.9715349808     1.4694045476
    4.4233624563    -0.0479260902    -0.0142509633     0.0500000007     1.9715349808     1.4694045476
    4.4359288269    -0.0481013843    -0.0136475970     0.0500000007     1.9715349808     1.4694045476
    4.4484951975    -0.0482690827    -0.0130420755     0.0500000007     1.9715349808     1.4694045476
    4.4610615681    -0.0484291588    -0.0124344945     0.0500000007     1.9715349808     1.4694045476
    4.4736279387    -0.0485815874    -0.0118249500     0.0500000007     1.9715349808     1.4694045476
    4.4861943093    -0.0487263444    -0.0112135382     0.0500000007     1.9715349808     1.4694045476
    4.4987606799    -0.0488634069    -0.0106003557     0.0500000007     1.9715349808     1.4694045476
    4.5113270506    -0.0489927533    -0.0099854992     0.0500000007     1.9715349808     1.4694045476
    4.5238934212    -0.0491143633    -0.0093690659     0.0500000007     1.9715349808     1.4694045476
    4.5364597918    -0.0492282175    -0.0087511531     0.0500000007     1.9715349808     1.4694045476
    4.5490261624    -0.0493342979    -0.0081318584     0.0500000007     1.9715349808     1.4694045476
    4.5615925330    -0.0494325880    -0.0075112796     0.0500000007     1.9715349808     1.4694045476
    4.5741589036    -0.0495230720    -0.0068895146     0.0500000007     1.9715349808     1.4694045476
    4.5867252742    -0.0496057358    -0.0062666618     0.0500000007     1.9715349808     1.4694045476
    4.5992916449    -0.0496805663    -0.0056428193     0.0500000007     1.9715349808     1.4694045476
    4.6118580155    -0.0497475516    -0.0050180858     0.0500000007     1.9715349808     1.4694045476
    4.6244243861    -0.0498066812    -0.0043925599     0.0500000007     1.9715349808     1.4694045476
    4.6369907567    -0.0498579458    -0.0037663403     0.0500000007     1.9715349808     1.4694045476
    4.6495571273    -0.0499013372    -0.0031395260     0.0500000007     1.9715349808     1.4694045476
    4.6621234979    -0.0499368486    -0.0025122159     0.0500000007     1.9715349808     1.4694045476
    4.6746898685    -0.0499644744    -0.0018845092     0.0500000007     1.9715349808     1.4694045476
    4.6872562392    -0.0499842102    -0.0012565048     0.0500000007     1.9715349808     1.4694045476
    4.6998226098    -0.0499960530    -0.0006283020     0.0500000007     1.9715349808     1.4694045476
    4.7123889804    -0.0500000007     0.0000000000     0.0500000007     1.9715349808     1.4694045476
    4.7249553510    -0.0499960530     0.0006283020     0.0500000007     1.9715349808     1.4694045476
    4.7375217216    -0.0499842102     0.0012565048     0.0500000007     1.9715349808     1.4694045476
    4.7500880922    -0.0499644744     0.0018845092     0.0500000007     1.9715349808     1.4694045476
    4.7626544628    -0.0499368486     0.0025122159     0.0500000007     1.9715349808     1.4694045476
    4.7752208335    -0.0499013372     0.0031395260     0.0500000007     1.9715349808     1.4694045476
    4.7877872041    -0.0498579458     0.0037663403     0.0500000007     1.9715349808     1.4694045476
    4.8003535747    -0.0498066812     0.0043925599     0.0500000007     1.9715349808     1.4694045476
    4.8129199453    -0.0497475516     0.0050180858     0.0500000007     1.9715349808     1.4694045476
    4.8254863159    -0.0496805663     0.0056428193     0.0500000007     1.9715349808     1.4694045476
    4.8380526865    -0.0496057358     0.0062666618     0.0500000007     1.9715349808     1.4694045476
    4.8506190571    -0.0495230720     0.0068895146     0.0500000007     1.9715349808     1.4694045476
    4.8631854278    -0.0494325880     0.0075112796     0.0500000007     1.9715349808     1.4694045476
    4.8757517984    -0.0493342979     0.0081318584     0.0500000007     1.9715349808     1.4694045476
    4.8883181690    -0.0492282175     0.0087511531     0.0500000007     1.9715349808     1.4694045476
    4.9008845396    -0.0491143633     0.0093690659     0.0500000007     1.9715349808     1.4694045476
    4.9134509102    -0.0489927533     0.0099854992     0.0500000007     1.9715349808     1.4694045476
    4.9260172808    -0.0488634069     0.0106003557     0.0500000007     1.9715349808     1.4694045476
    4.9385836514    -0.0487263444     0.0112135382     0.0500000007     1.9715349808     1.4694045476
    4.9511500221    -0.0485815874     0.0118249500     0.0500000007     1.9715349808     1.4694045476
    4.9637163927    -0.0484291588     0.0124344945     0.0500000007     1.9715349808     1.4694045476
    4.9762827633    -0.0482690827     0.0130420755     0.0500000007     1.9715349808     1.4694045476
    4.9888491339    -0.0481013843     0.0136475970     0.0500000007     1.9715349808     1.4694045476
    5.0014155045    -0.0479260902     0.0142509633     0.0500000007     1.9715349808     1.4694045476
    5.0139818751    -0.0477432279     0.0148520793     0.0500000007     1.9715349808     1.4694045476
    5.0265482457    -0.0475528265     0.0154508499     0.0500000007     1.9715349808     1.4694045476
    5.0391146164    -0.0473549160     0.0160471807     0.0500000007     1.9715349808     1.4694045476
    5.0516809870    -0.0471495275     0.0166409775     0.0500000007     1.9715349808     1.4694045476
    5.0642473576    -0.0469366936     0.0172321464     0.0500000007     1.9715349808     1.4694045476
    5.0768137282    -0.0467164478     0.0178205942     0.0500000007     1.9715349808     1.4694045476
    5.0893800988    -0.0464888250     0.0184062279     0.0500000007     1.9715349808     1.4694045476
    5.1019464694    -0.0462538610     0.0189889551     0.0500000007     1.9715349808     1.4694045476
    5.1145128400    -0.0460115931     0.0195686836     0.0500000007     1.9715349808     1.4694045476
    5.1270792107    -0.0457620593     0.0201453221     0.0500000007     1.9715349808     1.4694045476
    5.1396455813    -0.0455052992     0.0207187794     0.0500000007     1.9715349808     1.4694045476
    5.1522119519    -0.0452413533     0.0212889649     0.0500000007     1.9715349808     1.4694045476
    5.1647783225    -0.0449702632     0.0218557887     0.0500000007     1.9715349808     1.4694045476
    5.1773446931    -0.0446920719     0.0224191611     0.0500000007     1.9715349808     1.4694045476
    5.1899110637    -0.0444068231     0.0229789934     0.0500000007     1.9715349808     1.4694045476
    5.2024774343    -0.0441145620     0.0235351970     0.0500000007     1.9715349808     1.4694045476
    5.2150438050    -0.0438153347     0.0240876841     0.0500000007     1.9715349808     1.4694045476
    5.2276101756    -0.0435091884     0.0246363674     0.0500000007     1.9715349808     1.4694045476
    5.2401765462    -0.0431961715     0.0251811605     0.0500000007     1.9715349808     1.4694045476
    5.2527429168    -0.0428763334     0.0257219771     0.0500000007     1.9715349808     1.4694045476
    5.2653092874    -0.0425497247     0.0262587319     0.0500000007     1.9715349808     1.4694045476
    5.2778756580    -0.0422163969     0.0267913401     0.0500000007     1.9715349808     1.4694045476
    5.2904420286    -0.0418764026     0.0273197177     0.0500000007     1.9715349808     1.4694045476
    5.3030083993    -0.0415297956     0.0278437812     0.0500000007     1.9715349808     1.4694045476
    5.3155747699    -0.0411766305     0.0283634479     0.0500000007     1.9715349808     1.4694045476
    5.3281411405    -0.0408169631     0.0288786356     0.0500000007     1.9715349808     1.4694045476
    5.3407075111    -0.0404508503     0.0293892631     0.0500000007     1.9715349808     1.4694045476
    5.3532738817    -0.0400783498     0.0298952496     0.0500000007     1.9715349808     1.4694045476
    5.3658402523    -0.0396995205     0.0303965153     0.0500000007     1.9715349808     1.4694045476
    5.3784066229    -0.0393144222     0.0308929811     0.0500000007     1.9715349808     1.4694045476
    5.3909729936    -0.0389231157     0.0313845685     0.0500000007     1.9715349808     1.4694045476
    5.4035393642    -0.0385256627     0.0318712000     0.0500000007     1.9715349808     1.4694045476
    5.4161057348    -0.0381221261     0.0323527986     0.0500000007     1.9715349808     1.4694045476
    5.4286721054    -0.0377125696     0.0328292883     0.0500000007     1.9715349808     1.4694045476
    5.4412384760    -0.0372970578     0.0333005939     0.0500000007     1.9715349808     1.4694045476
    5.4538048466    -0.0368756564     0.0337666409     0.0500000007     1.9715349808     1.4694045476
    5.4663712172    -0.0364484319     0.0342273558     0.0500000007     1.9715349808     1.4694045476
    5.4789375879    -0.0360154518     0.0346826658     0.0500000007     1.9715349808     1.4694045476
    5.4915039585    -0.0355767844     0.0351324990     0.0500000007     1.9715349808     1.4694045476
    5.5040703291    -0.0351324990     0.0355767844     0.0500000007     1.9715349808     1.4694045476
    5.5166366997    -0.0346826658     0.0360154518     0.0500000007     1.9715349808     1.4694045476
    5.5292030703    -0.0342273558     0.0364484319     0.0500000007     1.9715349808     1.4694045476
    5.5417694409    -0.0337666409     0.0368756564     0.0500000007     1.9715349808     1.4694045476
    5.5543358115    -0.0333005939     0.0372970578     0.0500000007     1.9715349808     1.4694045476
    5.5669021822    -0.0328292883     0.0377125696     0.0500000007     1.9715349808     1.4694045476
    5.5794685528    -0.0323527986     0.0381221261     0.0500000007     1.9715349808     1.4694045476
    5.5920349234    -0.0318712000     0.0385256627     0.0500000007     1.9715349808     1.4694045476
    5.6046012940    -0.0313845685     0.0389231157     0.0500000007     1.9715349808     1.4694045476
    5.6171676646    -0.0308929811     0.0393144222     0.0500000007     1.9715349808     1.4694045476
    5.6297340352    -0.0303965153     0.0396995205     0.0500000007     1.9715349808     1.4694045476
    5.6423004058    -0.0298952496     0.0400783498     0.0500000007     1.9715349808     1.4694045476
    5.6548667765    -0.0293892631     0.0404508503     0.0500000007     1.9715349808     1.4694045476
    5.6674331471    -0.0288786356     0.0408169631     0.0500000007     1.9715349808     1.4694045476
    5.6799995177    -0.0283634479     0.0411766305     0.0500000007     1.9715349808     1.4694045476
    5.6925658883    -0.0278437812     0.0415297956     0.0500000007     1.9715349808     1.4694045476
    5.7051322589    -0.0273197177     0.0418764026     0.0500000007     1.9715349808     1.4694045476
    5.7176986295    -0.0267913401     0.0422163969     0.0500000007     1.9715349808     1.4694045476
    5.7302650001    -0.0262587319     0.0425497247     0.0500000007     1.9715349808     1.4694045476
    5.7428313708    -0.0257219771     0.0428763334     0.0500000007     1.9715349808     1.4694045476
    5.7553977414    -0.0251811605     0.0431961715     0.0500000007     1.9715349808     1.4694045476
    5.7679641120    -0.0246363674     0.0435091884     0.0500000007     1.9715349808     1.4694045476
    5.7805304826    -0.0240876841     0.0438153347     0.0500000007     1.9715349808     1.4694045476
    5.7930968532    -0.0235351970     0.0441145620     0.0500000007     1.9715349808     1.4694045476
    5.8056632238    -0.0229789934     0.0444068231     0.0500000007     1.9715349808     1.4694045476
    5.8182295944    -0.0224191611     0.0446920719     0.0500000007     1.9715349808     1.4694045476
    5.8307959651    -0.0218557887     0.0449702632     0.0500000007     1.9715349808     1.4694045476
    5.8433623357    -0.0212889649     0.0452413533     0.0500000007     1.9715349808     1.4694045476
    5.8559287063    -0.0207187794     0.0455052992     0.0500000007     1.9715349808     1.4694045476
    5.8684950769    -0.0201453221     0.0457620593     0.0500000007     1.9715349808     1.4694045476
    5.8810614475    -0.0195686836     0.0460115931     0.0500000007     1.9715349808     1.4694045476
    5.8936278181    -0.0189889551     0.0462538610     0.0500000007     1.9715349808     1.4694045476
    5.9061941887    -0.0184062279     0.0464888250     0.0500000007     1.9715349808     1.4694045476
    5.9187605594    -0.0178205942     0.0467164478     0.0500000007     1.9715349808     1.4694045476
    5.9313269300    -0.0172321464     0.0469366936     0.0500000007     1.9715349808     1.4694045476
    5.9438933006    -0.0166409775     0.0471495275     0.0500000007     1.9715349808     1.4694045476
    5.9564596712    -0.0160471807     0.0473549160     0.0500000007     1.9715349808     1.4694045476
    5.9690260418    -0.0154508499     0.0475528265     0.0500000007     1.9715349808     1.4694045476
    5.9815924124    -0.0148520793     0.0477432279     0.0500000007     1.9715349808     1.4694045476
    5.9941587830    -0.0142509633     0.0479260902     0.0500000007     1.9715349808     1.4694045476
    6.0067251537    -0.0136475970     0.0481013843     0.0500000007     1.9715349808     1.4694045476
    6.0192915243    -0.0130420755     0.0482690827     0.0500000007     1.9715349808     1.4694045476
    6.0318578949    -0.0124344945     0.0484291588     0.0500000007     1.9715349808     1.4694045476
    6.0444242655    -0.0118249500     0.0485815874     0.0500000007     1.9715349808     1.4694045476
    6.0569906361    -0.0112135382     0.0487263444     0.0500000007     1.9715349808     1.4694045476
    6.0695570067    -0.0106003557     0.0488634069     0.0500000007     1.9715349808     1.4694045476
    6.0821233773    -0.0099854992     0.0489927533     0.0500000007     1.9715349808     1.4694045476
    6.0946897480    -0.0093690659     0.0491143633     0.0500000007     1.9715349808     1.4694045476
    6.1072561186    -0.0087511531     0.0492282175     0.0500000007     1.9715349808     1.4694045476
    6.1198224892    -0.0081318584     0.0493342979     0.0500000007     1.9715349808     1.4694045476
    6.1323888598    -0.0075112796     0.0494325880     0.0500000007     1.9715349808     1.4694045476
    6.1449552304    -0.0068895146     0.0495230720     0.0500000007     1.9715349808     1.4694045476
    6.1575216010    -0.0062666618     0.0496057358     0.0500000007     1.9715349808     1.4694045476
    6.1700879717    -0.0056428193     0.0496805663     0.0500000007     1.9715349808     1.4694045476
    6.1826543423    -0.0050180858     0.0497475516     0.0500000007     1.9715349808     1.4694045476
    6.1952207129    -0.0043925599     0.0498066812     0.0500000007     1.9715349808     1.4694045476
    6.2077870835    -0.0037663403     0.0498579458     0.0500000007     1.9715349808     1.4694045476
    6.2203534541    -0.0031395260     0.0499013372     0.0500000007     1.9715349808     1.4694045476
    6.2329198247    -0.0025122159     0.0499368486     0.0500000007     1.9715349808     1.4694045476
    6.2454861953    -0.0018845092     0.0499644744     0.0500000007     1.9715349808     1.4694045476
    6.2580525660    -0.0012565048     0.0499842102     0.0500000007     1.9715349808     1.4694045476
    6.2706189366    -0.0006283020     0.0499960530     0.0500000007     1.9715349808     1.4694045476
