  0.50000000000000000       -0.0000000000000000        0.0000000000000000                      -Infinity
   1.0000000000000000       -0.0000000000000000        0.0000000000000000                      -Infinity
   1.5000000000000000       -0.0000000000000000        0.0000000000000000                      -Infinity
   2.0000000000000000       -0.0000000000000000        0.0000000000000000                      -Infinity
   2.5000000000000000       -0.0000000000000000        0.0000000000000000                      -Infinity
   3.0000000000000000       -0.0000000000000000        0.0000000000000000                      -Infinity
   3.5000000000000000       -0.0000000000000000        0.0000000000000000                      -Infinity
   4.0000000000000000       -0.0000000000000000        0.0000000000000000                      -Infinity
   4.5000000000000000       -0.0000000000000000        0.0000000000000000                      -Infinity
   5.0000000000000000       -0.0000000000000000        0.0000000000000000                      -Infinity
   5.5000000000000000       -0.0000000000000000        0.0000000000000000                      -Infinity
   6.0000000000000000       -0.0000000000000000        0.0000000000000000                      -Infinity
   6.5000000000000000       -0.0000000000000000        0.0000000000000000                      -Infinity
   7.0000000000000000       -0.0000000000000000        0.0000000000000000                      -Infinity
   7.5000000000000000       -0.0000000000000000        0.0000000000000000                      -Infinity
   8.0000000000000000       -0.0000000000000000        0.0000000000000000                      -Infinity
   8.5000000000000000       -0.0000000000000000        0.0000000000000000                      -Infinity
   9.0000000000000000       -0.0000000000000000        0.0000000000000000                      -Infinity
   9.5000000000000000       -0.0000000000000000        0.0000000000000000                      -Infinity
   10.000000000000000       -0.0000000000000000        0.0000000000000000                      -Infinity
   10.500000000000000       -0.0000000000000000        0.0000000000000000                      -Infinity
   11.000000000000000       -0.0000000000000000        0.0000000000000000                      -Infinity
   11.500000000000000       -0.0000000000000000        0.0000000000000000                      -Infinity
   12.000000000000000       -0.0000000000000000        0.0000000000000000                      -Infinity
   12.500000000000000       -0.0000000000000000        0.0000000000000000                      -Infinity
   13.000000000000000       -0.0000000000000000        0.0000000000000000                      -Infinity
   13.500000000000000       -0.0000000000000000        0.0000000000000000                      -Infinity
   14.000000000000000       -0.0000000000000000        0.0000000000000000                      -Infinity
   14.500000000000000       -0.0000000000000000        0.0000000000000000                      -Infinity
   15.000000000000000       -0.0000000000000000        0.0000000000000000                      -Infinity
   15.500000000000000       -0.0000000000000000        0.0000000000000000                      -Infinity
   16.000000000000000       -0.0000000000000000        0.0000000000000000                      -Infinity
   16.500000000000000       -0.0000000000000000        0.0000000000000000                      -Infinity
   17.000000000000000       -0.0000000000000000        0.0000000000000000                      -Infinity
   17.500000000000000       -0.0000000000000000        0.0000000000000000                      -Infinity
   18.000000000000000       -0.0000000000000000        0.0000000000000000                      -Infinity
   18.500000000000000       -0.0000000000000000        0.0000000000000000                      -Infinity
   19.000000000000000       -0.0000000000000000        0.0000000000000000                      -Infinity
   19.500000000000000       -0.0000000000000000        0.0000000000000000                      -Infinity
   20.000000000000000       -0.0000000000000000        0.0000000000000000                      -Infinity
   20.500000000000000       -0.0000000000000000        0.0000000000000000                      -Infinity
   21.000000000000000       -0.0000000000000000        0.0000000000000000                      -Infinity
   21.500000000000000       -0.0000000000000000        0.0000000000000000                      -Infinity
   22.000000000000000       -0.0000000000000000        0.0000000000000000                      -Infinity
   22.500000000000000       -0.0000000000000000        0.0000000000000000                      -Infinity
   23.000000000000000       -0.0000000000000000        0.0000000000000000                      -Infinity
   23.500000000000000       -0.0000000000000000        0.0000000000000000                      -Infinity
   24.000000000000000       -0.0000000000000000        0.0000000000000000                      -Infinity
   24.500000000000000       -0.0000000000000000        0.0000000000000000                      -Infinity
   25.000000000000000       -0.0000000000000000        0.0000000000000000                            NaN
   25.500000000000000       -0.0000000000000000        0.0000000000000000                            NaN
   26.000000000000000       -0.0000000000000000        0.0000000000000000                            NaN
   26.500000000000000       -0.0000000000000000        0.0000000000000000                            NaN
   27.000000000000000       -0.0000000000000000        0.0000000000000000                            NaN
   27.500000000000000       -0.0000000000000000        0.0000000000000000                            NaN
   28.000000000000000       -0.0000000000000000        0.0000000000000000                            NaN
   28.500000000000000       -0.0000000000000000        0.0000000000000000                            NaN
   29.000000000000000       -0.0000000000000000        0.0000000000000000                            NaN
   29.500000000000000       -0.0000000000000000        0.0000000000000000                            NaN
   30.000000000000000       -0.0000000000000000        0.0000000000000000                            NaN
   30.500000000000000       -0.0000000000000000        0.0000000000000000                            NaN
   31.000000000000000       -0.0000000000000000        0.0000000000000000                            NaN
   31.500000000000000       -0.0000000000000000        0.0000000000000000                            NaN
   32.000000000000000       -0.0000000000000000        0.0000000000000000                            NaN
   32.500000000000000       -0.0000000000000000        0.0000000000000000                            NaN
   33.000000000000000       -0.0000000000000000        0.0000000000000000                            NaN
   33.500000000000000       -0.0000000000000000        0.0000000000000000                            NaN
   34.000000000000000       -0.0000000000000000        0.0000000000000000                            NaN
   34.500000000000000       -0.0000000000000000        0.0000000000000000                            NaN
   35.000000000000000       -0.0000000000000000        0.0000000000000000                            NaN
   35.500000000000000       -0.0000000000000000        0.0000000000000000                            NaN
   36.000000000000000       -0.0000000000000000        0.0000000000000000                            NaN
   36.500000000000000       -0.0000000000000000        0.0000000000000000                            NaN
   37.000000000000000       -0.0000000000000000        0.0000000000000000                            NaN
   37.500000000000000       -0.0000000000000000        0.0000000000000000                            NaN
   38.000000000000000       -0.0000000000000000        0.0000000000000000                            NaN
   38.500000000000000       -0.0000000000000000        0.0000000000000000                            NaN
   39.000000000000000       -0.0000000000000000        0.0000000000000000                            NaN
   39.500000000000000       -0.0000000000000000        0.0000000000000000                            NaN
   40.000000000000000       -0.0000000000000000        0.0000000000000000                            NaN
   40.500000000000000       -0.0000000000000000        0.0000000000000000                            NaN
   41.000000000000000       -0.0000000000000000        0.0000000000000000                            NaN
   41.500000000000000       -0.0000000000000000        0.0000000000000000                            NaN
   42.000000000000000       -0.0000000000000000        0.0000000000000000                            NaN
   42.500000000000000       -0.0000000000000000        0.0000000000000000                            NaN
   43.000000000000000       -0.0000000000000000        0.0000000000000000                            NaN
   43.500000000000000       -0.0000000000000000        0.0000000000000000                            NaN
   44.000000000000000       -0.0000000000000000        0.0000000000000000                            NaN
   44.500000000000000       -0.0000000000000000        0.0000000000000000                            NaN
   45.000000000000000       -0.0000000000000000        0.0000000000000000                            NaN
   45.500000000000000       -0.0000000000000000        0.0000000000000000                            NaN
   46.000000000000000       -0.0000000000000000        0.0000000000000000                            NaN
   46.500000000000000       -0.0000000000000000        0.0000000000000000                            NaN
   47.000000000000000       -0.0000000000000000        0.0000000000000000                            NaN
   47.500000000000000       -0.0000000000000000        0.0000000000000000                            NaN
   48.000000000000000       -0.0000000000000000        0.0000000000000000                            NaN
   48.500000000000000       -0.0000000000000000        0.0000000000000000                            NaN
   49.000000000000000       -0.0000000000000000        0.0000000000000000                            NaN
   49.500000000000000       -0.0000000000000000        0.0000000000000000                            NaN
   50.000000000000000       -0.0000000000000000        0.0000000000000000                            NaN
   50.500000000000000       -0.0000000000000000        0.0000000000000000                            NaN
   51.000000000000000       -0.0000000000000000        0.0000000000000000                            NaN
   51.500000000000000       -0.0000000000000000        0.0000000000000000                            NaN
   52.000000000000000       -0.0000000000000000        0.0000000000000000                            NaN
   52.500000000000000       -0.0000000000000000        0.0000000000000000                            NaN
   53.000000000000000       -0.0000000000000000        0.0000000000000000                            NaN
   53.500000000000000       -0.0000000000000000        0.0000000000000000                            NaN
   54.000000000000000       -0.0000000000000000        0.0000000000000000                            NaN
   54.500000000000000       -0.0000000000000000        0.0000000000000000                            NaN
   55.000000000000000       -0.0000000000000000        0.0000000000000000                            NaN
   55.500000000000000       -0.0000000000000000        0.0000000000000000                            NaN
   56.000000000000000       -0.0000000000000000        0.0000000000000000                            NaN
   56.500000000000000       -0.0000000000000000        0.0000000000000000                            NaN
   57.000000000000000       -0.0000000000000000        0.0000000000000000                            NaN
   57.500000000000000       -0.0000000000000000        0.0000000000000000                            NaN
   58.000000000000000       -0.0000000000000000        0.0000000000000000                            NaN
   58.500000000000000       -0.0000000000000000        0.0000000000000000                            NaN
   59.000000000000000       -0.0000000000000000        0.0000000000000000                            NaN
   59.500000000000000       -0.0000000000000000        0.0000000000000000                            NaN
   60.000000000000000       -0.0000000000000000        0.0000000000000000                            NaN
   60.500000000000000       -0.0000000000000000        0.0000000000000000                            NaN
   61.000000000000000       -0.0000000000000000        0.0000000000000000                            NaN
   61.500000000000000       -0.0000000000000000        0.0000000000000000                            NaN
   62.000000000000000       -0.0000000000000000        0.0000000000000000                            NaN
   62.500000000000000       -0.0000000000000000        0.0000000000000000                            NaN
   63.000000000000000       -0.0000000000000000        0.0000000000000000                            NaN
   63.500000000000000       -0.0000000000000000        0.0000000000000000                            NaN
   64.000000000000000       -0.0000000000000000        0.0000000000000000                            NaN
   64.500000000000000       -0.0000000000000000        0.0000000000000000                            NaN
   65.000000000000000       -0.0000000000000000        0.0000000000000000                            NaN
   65.500000000000000       -0.0000000000000000        0.0000000000000000                            NaN
   66.000000000000000       -0.0000000000000000        0.0000000000000000                            NaN
   66.500000000000000       -0.0000000000000000        0.0000000000000000                            NaN
   67.000000000000000       -0.0000000000000000        0.0000000000000000                            NaN
   67.500000000000000       -0.0000000000000000        0.0000000000000000                            NaN
   68.000000000000000       -0.0000000000000000        0.0000000000000000                            NaN
   68.500000000000000       -0.0000000000000000        0.0000000000000000                            NaN
   69.000000000000000       -0.0000000000000000        0.0000000000000000                            NaN
   69.500000000000000       -0.0000000000000000        0.0000000000000000                            NaN
   70.000000000000000       -0.0000000000000000        0.0000000000000000                            NaN
   70.500000000000000       -0.0000000000000000        0.0000000000000000                            NaN
   71.000000000000000       -0.0000000000000000        0.0000000000000000                            NaN
   71.500000000000000       -0.0000000000000000        0.0000000000000000                            NaN
   72.000000000000000       -0.0000000000000000        0.0000000000000000                            NaN
   72.500000000000000       -0.0000000000000000        0.0000000000000000                            NaN
   73.000000000000000       -0.0000000000000000        0.0000000000000000                            NaN
   73.500000000000000       -0.0000000000000000        0.0000000000000000                            NaN
   74.000000000000000       -0.0000000000000000        0.0000000000000000                            NaN
   74.500000000000000       -0.0000000000000000        0.0000000000000000                            NaN
   75.000000000000000       -0.0000000000000000        0.0000000000000000                            NaN
   75.500000000000000       -0.0000000000000000        0.0000000000000000                            NaN
   76.000000000000000       -0.0000000000000000        0.0000000000000000                            NaN
   76.500000000000000       -0.0000000000000000        0.0000000000000000                            NaN
   77.000000000000000       -0.0000000000000000        0.0000000000000000                            NaN
   77.500000000000000       -0.0000000000000000        0.0000000000000000                            NaN
   78.000000000000000       -0.0000000000000000        0.0000000000000000                            NaN
   78.500000000000000       -0.0000000000000000        0.0000000000000000                            NaN
   79.000000000000000       -0.0000000000000000        0.0000000000000000                            NaN
   79.500000000000000       -0.0000000000000000        0.0000000000000000                            NaN
   80.000000000000000       -0.0000000000000000        0.0000000000000000                            NaN
   80.500000000000000       -0.0000000000000000        0.0000000000000000                            NaN
   81.000000000000000       -0.0000000000000000        0.0000000000000000                            NaN
   81.500000000000000       -0.0000000000000000        0.0000000000000000                            NaN
   82.000000000000000       -0.0000000000000000        0.0000000000000000                            NaN
   82.500000000000000       -0.0000000000000000        0.0000000000000000                            NaN
   83.000000000000000       -0.0000000000000000        0.0000000000000000                            NaN
   83.500000000000000       -0.0000000000000000        0.0000000000000000                            NaN
   84.000000000000000       -0.0000000000000000        0.0000000000000000                            NaN
   84.500000000000000       -0.0000000000000000        0.0000000000000000                            NaN
   85.000000000000000       -0.0000000000000000        0.0000000000000000                            NaN
   85.500000000000000       -0.0000000000000000        0.0000000000000000                            NaN
   86.000000000000000       -0.0000000000000000        0.0000000000000000                            NaN
   86.500000000000000       -0.0000000000000000        0.0000000000000000                            NaN
   87.000000000000000       -0.0000000000000000        0.0000000000000000                            NaN
   87.500000000000000       -0.0000000000000000        0.0000000000000000                            NaN
   88.000000000000000       -0.0000000000000000        0.0000000000000000                            NaN
   88.500000000000000       -0.0000000000000000        0.0000000000000000                            NaN
   89.000000000000000       -0.0000000000000000        0.0000000000000000                            NaN
   89.500000000000000       -0.0000000000000000        0.0000000000000000                            NaN
   90.000000000000000       -0.0000000000000000        0.0000000000000000                            NaN
   90.500000000000000       -0.0000000000000000        0.0000000000000000                            NaN
   91.000000000000000       -0.0000000000000000        0.0000000000000000                            NaN
   91.500000000000000       -0.0000000000000000        0.0000000000000000                            NaN
   92.000000000000000       -0.0000000000000000        0.0000000000000000                            NaN
   92.500000000000000       -0.0000000000000000        0.0000000000000000                            NaN
   93.000000000000000       -0.0000000000000000        0.0000000000000000                            NaN
   93.500000000000000       -0.0000000000000000        0.0000000000000000                            NaN
   94.000000000000000       -0.0000000000000000        0.0000000000000000                            NaN
   94.500000000000000       -0.0000000000000000        0.0000000000000000                            NaN
   95.000000000000000       -0.0000000000000000        0.0000000000000000                            NaN
   95.500000000000000       -0.0000000000000000        0.0000000000000000                            NaN
   96.000000000000000       -0.0000000000000000        0.0000000000000000                            NaN
   96.500000000000000       -0.0000000000000000        0.0000000000000000                            NaN
   97.000000000000000       -0.0000000000000000        0.0000000000000000                            NaN
   97.500000000000000       -0.0000000000000000        0.0000000000000000                            NaN
   98.000000000000000       -0.0000000000000000        0.0000000000000000                            NaN
   98.500000000000000       -0.0000000000000000        0.0000000000000000                            NaN
   99.000000000000000       -0.0000000000000000        0.0000000000000000                            NaN
   99.500000000000000       -0.0000000000000000        0.0000000000000000                            NaN
   100.00000000000000       -0.0000000000000000        0.0000000000000000                            NaN
   100.50000000000000       -0.0000000000000000        0.0000000000000000                            NaN
   101.00000000000000       -0.0000000000000000        0.0000000000000000                            NaN
   101.50000000000000       -0.0000000000000000        0.0000000000000000                            NaN
   102.00000000000000       -0.0000000000000000        0.0000000000000000                            NaN
   102.50000000000000       -0.0000000000000000        0.0000000000000000                            NaN
   103.00000000000000       -0.0000000000000000        0.0000000000000000                            NaN
   103.50000000000000       -0.0000000000000000        0.0000000000000000                            NaN
   104.00000000000000       -0.0000000000000000        0.0000000000000000                            NaN
   104.50000000000000       -0.0000000000000000        0.0000000000000000                            NaN
   105.00000000000000       -0.0000000000000000        0.0000000000000000                            NaN
   105.50000000000000       -0.0000000000000000        0.0000000000000000                            NaN
   106.00000000000000       -0.0000000000000000        0.0000000000000000                            NaN
   106.50000000000000       -0.0000000000000000        0.0000000000000000                            NaN
   107.00000000000000       -0.0000000000000000        0.0000000000000000                            NaN
   107.50000000000000       -0.0000000000000000        0.0000000000000000                            NaN
   108.00000000000000       -0.0000000000000000        0.0000000000000000                            NaN
   108.50000000000000       -0.0000000000000000        0.0000000000000000                            NaN
   109.00000000000000       -0.0000000000000000        0.0000000000000000                            NaN
   109.50000000000000       -0.0000000000000000        0.0000000000000000                            NaN
   110.00000000000000       -0.0000000000000000        0.0000000000000000                            NaN
   110.50000000000000       -0.0000000000000000        0.0000000000000000                            NaN
   111.00000000000000       -0.0000000000000000        0.0000000000000000                            NaN
   111.50000000000000       -0.0000000000000000        0.0000000000000000                            NaN
   112.00000000000000       -0.0000000000000000        0.0000000000000000                            NaN
   112.50000000000000       -0.0000000000000000        0.0000000000000000                            NaN
   113.00000000000000       -0.0000000000000000        0.0000000000000000                            NaN
   113.50000000000000       -0.0000000000000000        0.0000000000000000                            NaN
   114.00000000000000       -0.0000000000000000        0.0000000000000000                            NaN
   114.50000000000000       -0.0000000000000000        0.0000000000000000                            NaN
   115.00000000000000       -0.0000000000000000        0.0000000000000000                            NaN
   115.50000000000000       -0.0000000000000000        0.0000000000000000                            NaN
   116.00000000000000       -0.0000000000000000        0.0000000000000000                            NaN
   116.50000000000000       -0.0000000000000000        0.0000000000000000                            NaN
   117.00000000000000       -0.0000000000000000        0.0000000000000000                            NaN
   117.50000000000000       -0.0000000000000000        0.0000000000000000                            NaN
   118.00000000000000       -0.0000000000000000        0.0000000000000000                            NaN
   118.50000000000000       -0.0000000000000000        0.0000000000000000                            NaN
   119.00000000000000       -0.0000000000000000        0.0000000000000000                            NaN
   119.50000000000000       -0.0000000000000000        0.0000000000000000                            NaN
   120.00000000000000       -0.0000000000000000        0.0000000000000000                            NaN
   120.50000000000000       -0.0000000000000000        0.0000000000000000                            NaN
   121.00000000000000       -0.0000000000000000        0.0000000000000000                            NaN
   121.50000000000000       -0.0000000000000000        0.0000000000000000                            NaN
   122.00000000000000       -0.0000000000000000        0.0000000000000000                            NaN
   122.50000000000000       -0.0000000000000000        0.0000000000000000                            NaN
   123.00000000000000       -0.0000000000000000        0.0000000000000000                            NaN
   123.50000000000000       -0.0000000000000000        0.0000000000000000                            NaN
   124.00000000000000       -0.0000000000000000        0.0000000000000000                            NaN
   124.50000000000000       -0.0000000000000000        0.0000000000000000                            NaN
   125.00000000000000       -0.0000000000000000        0.0000000000000000                            NaN
   125.50000000000000       -0.0000000000000000        0.0000000000000000                            NaN
   126.00000000000000       -0.0000000000000000        0.0000000000000000                            NaN
   126.50000000000000       -0.0000000000000000        0.0000000000000000                            NaN
   127.00000000000000       -0.0000000000000000        0.0000000000000000                            NaN
   127.50000000000000       -0.0000000000000000        0.0000000000000000                            NaN
   128.00000000000000       -0.0000000000000000        0.0000000000000000                            NaN
   128.50000000000000       -0.0000000000000000        0.0000000000000000                            NaN
   129.00000000000000       -0.0000000000000000        0.0000000000000000                            NaN
   129.50000000000000       -0.0000000000000000        0.0000000000000000                            NaN
   130.00000000000000       -0.0000000000000000        0.0000000000000000                            NaN
   130.50000000000000       -0.0000000000000000        0.0000000000000000                            NaN
   131.00000000000000       -0.0000000000000000        0.0000000000000000                            NaN
   131.50000000000000       -0.0000000000000000        0.0000000000000000                            NaN
   132.00000000000000       -0.0000000000000000        0.0000000000000000                            NaN
   132.50000000000000       -0.0000000000000000        0.0000000000000000                            NaN
   133.00000000000000       -0.0000000000000000        0.0000000000000000                            NaN
   133.50000000000000       -0.0000000000000000        0.0000000000000000                            NaN
   134.00000000000000       -0.0000000000000000        0.0000000000000000                            NaN
   134.50000000000000       -0.0000000000000000        0.0000000000000000                            NaN
   135.00000000000000       -0.0000000000000000        0.0000000000000000                            NaN
   135.50000000000000       -0.0000000000000000        0.0000000000000000                            NaN
   136.00000000000000       -0.0000000000000000        0.0000000000000000                            NaN
   136.50000000000000       -0.0000000000000000        0.0000000000000000                            NaN
   137.00000000000000       -0.0000000000000000        0.0000000000000000                            NaN
   137.50000000000000       -0.0000000000000000        0.0000000000000000                            NaN
   138.00000000000000       -0.0000000000000000        0.0000000000000000                            NaN
   138.50000000000000       -0.0000000000000000        0.0000000000000000                            NaN
   139.00000000000000       -0.0000000000000000        0.0000000000000000                            NaN
   139.50000000000000       -0.0000000000000000        0.0000000000000000                            NaN
   140.00000000000000       -0.0000000000000000        0.0000000000000000                            NaN
   140.50000000000000       -0.0000000000000000        0.0000000000000000                            NaN
   141.00000000000000       -0.0000000000000000        0.0000000000000000                            NaN
   141.50000000000000       -0.0000000000000000        0.0000000000000000                            NaN
   142.00000000000000       -0.0000000000000000        0.0000000000000000                            NaN
   142.50000000000000       -0.0000000000000000        0.0000000000000000                            NaN
   143.00000000000000       -0.0000000000000000        0.0000000000000000                            NaN
   143.50000000000000       -0.0000000000000000        0.0000000000000000                            NaN
   144.00000000000000       -0.0000000000000000        0.0000000000000000                            NaN
   144.50000000000000       -0.0000000000000000        0.0000000000000000                            NaN
   145.00000000000000       -0.0000000000000000        0.0000000000000000                            NaN
   145.50000000000000       -0.0000000000000000        0.0000000000000000                            NaN
   146.00000000000000       -0.0000000000000000        0.0000000000000000                            NaN
   146.50000000000000       -0.0000000000000000        0.0000000000000000                            NaN
   147.00000000000000       -0.0000000000000000        0.0000000000000000                            NaN
   147.50000000000000       -0.0000000000000000        0.0000000000000000                            NaN
   148.00000000000000       -0.0000000000000000        0.0000000000000000                            NaN
   148.50000000000000       -0.0000000000000000        0.0000000000000000                            NaN
   149.00000000000000       -0.0000000000000000        0.0000000000000000                            NaN
   149.50000000000000       -0.0000000000000000        0.0000000000000000                            NaN
   150.00000000000000       -0.0000000000000000        0.0000000000000000                            NaN
   150.50000000000000       -0.0000000000000000        0.0000000000000000                            NaN
   151.00000000000000       -0.0000000000000000        0.0000000000000000                            NaN
   151.50000000000000       -0.0000000000000000        0.0000000000000000                            NaN
   152.00000000000000       -0.0000000000000000        0.0000000000000000                            NaN
   152.50000000000000       -0.0000000000000000        0.0000000000000000                            NaN
   153.00000000000000       -0.0000000000000000        0.0000000000000000                            NaN
   153.50000000000000       -0.0000000000000000        0.0000000000000000                            NaN
   154.00000000000000       -0.0000000000000000        0.0000000000000000                            NaN
   154.50000000000000       -0.0000000000000000        0.0000000000000000                            NaN
   155.00000000000000       -0.0000000000000000        0.0000000000000000                            NaN
   155.50000000000000       -0.0000000000000000        0.0000000000000000                            NaN
   156.00000000000000       -0.0000000000000000        0.0000000000000000                            NaN
   156.50000000000000       -0.0000000000000000        0.0000000000000000                            NaN
   157.00000000000000       -0.0000000000000000        0.0000000000000000                            NaN
   157.50000000000000       -0.0000000000000000        0.0000000000000000                            NaN
   158.00000000000000       -0.0000000000000000        0.0000000000000000                            NaN
   158.50000000000000       -0.0000000000000000        0.0000000000000000                            NaN
   159.00000000000000       -0.0000000000000000        0.0000000000000000                            NaN
   159.50000000000000       -0.0000000000000000        0.0000000000000000                            NaN
   160.00000000000000       -0.0000000000000000        0.0000000000000000                            NaN
   160.50000000000000       -0.0000000000000000        0.0000000000000000                            NaN
   161.00000000000000       -0.0000000000000000        0.0000000000000000                            NaN
   161.50000000000000       -0.0000000000000000        0.0000000000000000                            NaN
   162.00000000000000       -0.0000000000000000        0.0000000000000000                            NaN
   162.50000000000000       -0.0000000000000000        0.0000000000000000                            NaN
   163.00000000000000       -0.0000000000000000        0.0000000000000000                            NaN
   163.50000000000000       -0.0000000000000000        0.0000000000000000                            NaN
   164.00000000000000       -0.0000000000000000        0.0000000000000000                            NaN
   164.50000000000000       -0.0000000000000000        0.0000000000000000                            NaN
   165.00000000000000       -0.0000000000000000        0.0000000000000000                            NaN
   165.50000000000000       -0.0000000000000000        0.0000000000000000                            NaN
   166.00000000000000       -0.0000000000000000        0.0000000000000000                            NaN
   166.50000000000000       -0.0000000000000000        0.0000000000000000                            NaN
   167.00000000000000       -0.0000000000000000        0.0000000000000000                            NaN
   167.50000000000000       -0.0000000000000000        0.0000000000000000                            NaN
   168.00000000000000       -0.0000000000000000        0.0000000000000000                            NaN
   168.50000000000000       -0.0000000000000000        0.0000000000000000                            NaN
   169.00000000000000       -0.0000000000000000        0.0000000000000000                            NaN
   169.50000000000000       -0.0000000000000000        0.0000000000000000                            NaN
   170.00000000000000       -0.0000000000000000        0.0000000000000000                            NaN
   170.50000000000000       -0.0000000000000000        0.0000000000000000                            NaN
   171.00000000000000       -0.0000000000000000        0.0000000000000000                            NaN
   171.50000000000000       -0.0000000000000000        0.0000000000000000                            NaN
   172.00000000000000       -0.0000000000000000        0.0000000000000000                            NaN
   172.50000000000000       -0.0000000000000000        0.0000000000000000                            NaN
   173.00000000000000       -0.0000000000000000        0.0000000000000000                            NaN
   173.50000000000000       -0.0000000000000000        0.0000000000000000                            NaN
   174.00000000000000       -0.0000000000000000        0.0000000000000000                            NaN
   174.50000000000000       -0.0000000000000000        0.0000000000000000                            NaN
   175.00000000000000       -0.0000000000000000        0.0000000000000000                            NaN
   175.50000000000000       -0.0000000000000000        0.0000000000000000                            NaN
   176.00000000000000       -0.0000000000000000        0.0000000000000000                            NaN
   176.50000000000000       -0.0000000000000000        0.0000000000000000                            NaN
   177.00000000000000       -0.0000000000000000        0.0000000000000000                            NaN
   177.50000000000000       -0.0000000000000000        0.0000000000000000                            NaN
   178.00000000000000       -0.0000000000000000        0.0000000000000000                            NaN
   178.50000000000000       -0.0000000000000000        0.0000000000000000                            NaN
   179.00000000000000       -0.0000000000000000        0.0000000000000000                            NaN
   179.50000000000000       -0.0000000000000000        0.0000000000000000                            NaN
   180.00000000000000       -0.0000000000000000        0.0000000000000000                            NaN
   180.50000000000000       -0.0000000000000000        0.0000000000000000                            NaN
   181.00000000000000       -0.0000000000000000        0.0000000000000000                            NaN
   181.50000000000000       -0.0000000000000000        0.0000000000000000                            NaN
   182.00000000000000       -0.0000000000000000        0.0000000000000000                            NaN
   182.50000000000000       -0.0000000000000000        0.0000000000000000                            NaN
   183.00000000000000       -0.0000000000000000        0.0000000000000000                            NaN
   183.50000000000000       -0.0000000000000000        0.0000000000000000                            NaN
   184.00000000000000       -0.0000000000000000        0.0000000000000000                            NaN
   184.50000000000000       -0.0000000000000000        0.0000000000000000                            NaN
   185.00000000000000       -0.0000000000000000        0.0000000000000000                            NaN
   185.50000000000000       -0.0000000000000000        0.0000000000000000                            NaN
   186.00000000000000       -0.0000000000000000        0.0000000000000000                            NaN
   186.50000000000000       -0.0000000000000000        0.0000000000000000                            NaN
   187.00000000000000       -0.0000000000000000        0.0000000000000000                            NaN
   187.50000000000000       -0.0000000000000000        0.0000000000000000                            NaN
   188.00000000000000       -0.0000000000000000        0.0000000000000000                            NaN
   188.50000000000000       -0.0000000000000000        0.0000000000000000                            NaN
   189.00000000000000       -0.0000000000000000        0.0000000000000000                            NaN
   189.50000000000000       -0.0000000000000000        0.0000000000000000                            NaN
   190.00000000000000       -0.0000000000000000        0.0000000000000000                            NaN
   190.50000000000000       -0.0000000000000000        0.0000000000000000                            NaN
   191.00000000000000       -0.0000000000000000        0.0000000000000000                            NaN
   191.50000000000000       -0.0000000000000000        0.0000000000000000                            NaN
   192.00000000000000       -0.0000000000000000        0.0000000000000000                            NaN
   192.50000000000000       -0.0000000000000000        0.0000000000000000                            NaN
   193.00000000000000       -0.0000000000000000        0.0000000000000000                            NaN
   193.50000000000000       -0.0000000000000000        0.0000000000000000                            NaN
   194.00000000000000       -0.0000000000000000        0.0000000000000000                            NaN
   194.50000000000000       -0.0000000000000000        0.0000000000000000                            NaN
   195.00000000000000       -0.0000000000000000        0.0000000000000000                            NaN
   195.50000000000000       -0.0000000000000000        0.0000000000000000                            NaN
   196.00000000000000       -0.0000000000000000        0.0000000000000000                            NaN
   196.50000000000000       -0.0000000000000000        0.0000000000000000                            NaN
   197.00000000000000       -0.0000000000000000        0.0000000000000000                            NaN
   197.50000000000000       -0.0000000000000000        0.0000000000000000                            NaN
   198.00000000000000       -0.0000000000000000        0.0000000000000000                            NaN
   198.50000000000000       -0.0000000000000000        0.0000000000000000                            NaN
   199.00000000000000       -0.0000000000000000        0.0000000000000000                            NaN
   199.50000000000000       -0.0000000000000000        0.0000000000000000                            NaN
   200.00000000000000       -0.0000000000000000        0.0000000000000000                            NaN
   200.50000000000000       -0.0000000000000000        0.0000000000000000                            NaN
   201.00000000000000       -0.0000000000000000        0.0000000000000000                            NaN
   201.50000000000000       -0.0000000000000000        0.0000000000000000                            NaN
   202.00000000000000       -0.0000000000000000        0.0000000000000000                            NaN
   202.50000000000000       -0.0000000000000000        0.0000000000000000                            NaN
   203.00000000000000       -0.0000000000000000        0.0000000000000000                            NaN
   203.50000000000000       -0.0000000000000000        0.0000000000000000                            NaN
   204.00000000000000       -0.0000000000000000        0.0000000000000000                            NaN
   204.50000000000000       -0.0000000000000000        0.0000000000000000                            NaN
   205.00000000000000       -0.0000000000000000        0.0000000000000000                            NaN
   205.50000000000000       -0.0000000000000000        0.0000000000000000                            NaN
   206.00000000000000       -0.0000000000000000        0.0000000000000000                            NaN
   206.50000000000000       -0.0000000000000000        0.0000000000000000                            NaN
   207.00000000000000       -0.0000000000000000        0.0000000000000000                            NaN
   207.50000000000000       -0.0000000000000000        0.0000000000000000                            NaN
   208.00000000000000       -0.0000000000000000        0.0000000000000000                            NaN
   208.50000000000000       -0.0000000000000000        0.0000000000000000                            NaN
   209.00000000000000       -0.0000000000000000        0.0000000000000000                            NaN
   209.50000000000000       -0.0000000000000000        0.0000000000000000                            NaN
   210.00000000000000       -0.0000000000000000        0.0000000000000000                            NaN
   210.50000000000000       -0.0000000000000000        0.0000000000000000                            NaN
   211.00000000000000       -0.0000000000000000        0.0000000000000000                            NaN
   211.50000000000000       -0.0000000000000000        0.0000000000000000                            NaN
   212.00000000000000       -0.0000000000000000        0.0000000000000000                            NaN
   212.50000000000000       -0.0000000000000000        0.0000000000000000                            NaN
   213.00000000000000       -0.0000000000000000        0.0000000000000000                            NaN
   213.50000000000000       -0.0000000000000000        0.0000000000000000                            NaN
   214.00000000000000       -0.0000000000000000        0.0000000000000000                            NaN
   214.50000000000000       -0.0000000000000000        0.0000000000000000                            NaN
   215.00000000000000       -0.0000000000000000        0.0000000000000000                            NaN
   215.50000000000000       -0.0000000000000000        0.0000000000000000                            NaN
   216.00000000000000       -0.0000000000000000        0.0000000000000000                            NaN
   216.50000000000000       -0.0000000000000000        0.0000000000000000                            NaN
   217.00000000000000       -0.0000000000000000        0.0000000000000000                            NaN
   217.50000000000000       -0.0000000000000000        0.0000000000000000                            NaN
   218.00000000000000       -0.0000000000000000        0.0000000000000000                            NaN
   218.50000000000000       -0.0000000000000000        0.0000000000000000                            NaN
   219.00000000000000       -0.0000000000000000        0.0000000000000000                            NaN
   219.50000000000000       -0.0000000000000000        0.0000000000000000                            NaN
   220.00000000000000       -0.0000000000000000        0.0000000000000000                            NaN
   220.50000000000000       -0.0000000000000000        0.0000000000000000                            NaN
   221.00000000000000       -0.0000000000000000        0.0000000000000000                            NaN
   221.50000000000000       -0.0000000000000000        0.0000000000000000                            NaN
   222.00000000000000       -0.0000000000000000        0.0000000000000000                            NaN
   222.50000000000000       -0.0000000000000000        0.0000000000000000                            NaN
   223.00000000000000       -0.0000000000000000        0.0000000000000000                            NaN
   223.50000000000000       -0.0000000000000000        0.0000000000000000                            NaN
   224.00000000000000       -0.0000000000000000        0.0000000000000000                            NaN
   224.50000000000000       -0.0000000000000000        0.0000000000000000                            NaN
   225.00000000000000       -0.0000000000000000        0.0000000000000000                            NaN
   225.50000000000000       -0.0000000000000000        0.0000000000000000                            NaN
   226.00000000000000       -0.0000000000000000        0.0000000000000000                            NaN
   226.50000000000000       -0.0000000000000000        0.0000000000000000                            NaN
   227.00000000000000       -0.0000000000000000        0.0000000000000000                            NaN
   227.50000000000000       -0.0000000000000000        0.0000000000000000                            NaN
   228.00000000000000       -0.0000000000000000        0.0000000000000000                            NaN
   228.50000000000000       -0.0000000000000000        0.0000000000000000                            NaN
   229.00000000000000       -0.0000000000000000        0.0000000000000000                            NaN
   229.50000000000000       -0.0000000000000000        0.0000000000000000                            NaN
   230.00000000000000       -0.0000000000000000        0.0000000000000000                            NaN
   230.50000000000000       -0.0000000000000000        0.0000000000000000                            NaN
   231.00000000000000       -0.0000000000000000        0.0000000000000000                            NaN
   231.50000000000000       -0.0000000000000000        0.0000000000000000                            NaN
   232.00000000000000       -0.0000000000000000        0.0000000000000000                            NaN
   232.50000000000000       -0.0000000000000000        0.0000000000000000                            NaN
   233.00000000000000       -0.0000000000000000        0.0000000000000000                            NaN
   233.50000000000000       -0.0000000000000000        0.0000000000000000                            NaN
   234.00000000000000       -0.0000000000000000        0.0000000000000000                            NaN
   234.50000000000000       -0.0000000000000000        0.0000000000000000                            NaN
   235.00000000000000       -0.0000000000000000        0.0000000000000000                            NaN
   235.50000000000000       -0.0000000000000000        0.0000000000000000                            NaN
   236.00000000000000       -0.0000000000000000        0.0000000000000000                            NaN
   236.50000000000000       -0.0000000000000000        0.0000000000000000                            NaN
   237.00000000000000       -0.0000000000000000        0.0000000000000000                            NaN
   237.50000000000000       -0.0000000000000000        0.0000000000000000                            NaN
   238.00000000000000       -0.0000000000000000        0.0000000000000000                            NaN
   238.50000000000000       -0.0000000000000000        0.0000000000000000                            NaN
   239.00000000000000       -0.0000000000000000        0.0000000000000000                            NaN
   239.50000000000000       -0.0000000000000000        0.0000000000000000                            NaN
   240.00000000000000       -0.0000000000000000        0.0000000000000000                            NaN
   240.50000000000000       -0.0000000000000000        0.0000000000000000                            NaN
   241.00000000000000       -0.0000000000000000        0.0000000000000000                            NaN
   241.50000000000000       -0.0000000000000000        0.0000000000000000                            NaN
   242.00000000000000       -0.0000000000000000        0.0000000000000000                            NaN
   242.50000000000000       -0.0000000000000000        0.0000000000000000                            NaN
   243.00000000000000       -0.0000000000000000        0.0000000000000000                            NaN
   243.50000000000000       -0.0000000000000000        0.0000000000000000                            NaN
   244.00000000000000       -0.0000000000000000        0.0000000000000000                            NaN
   244.50000000000000       -0.0000000000000000        0.0000000000000000                            NaN
   245.00000000000000       -0.0000000000000000        0.0000000000000000                            NaN
   245.50000000000000       -0.0000000000000000        0.0000000000000000                            NaN
   246.00000000000000       -0.0000000000000000        0.0000000000000000                            NaN
   246.50000000000000       -0.0000000000000000        0.0000000000000000                            NaN
   247.00000000000000       -0.0000000000000000        0.0000000000000000                            NaN
   247.50000000000000       -0.0000000000000000        0.0000000000000000                            NaN
   248.00000000000000       -0.0000000000000000        0.0000000000000000                            NaN
   248.50000000000000       -0.0000000000000000        0.0000000000000000                            NaN
   249.00000000000000       -0.0000000000000000        0.0000000000000000                            NaN
   249.50000000000000       -0.0000000000000000        0.0000000000000000                            NaN
   250.00000000000000       -0.0000000000000000        0.0000000000000000                            NaN
