 theta   r1(1)   r1(2)   dsqrt(r1(1)**2 + r1(2)**2)    dma*dmb    n2     mos(1)**4    e_pbe
    0.0000000000     0.0000000000     0.5000000000     0.5000000000     0.0740302904     0.0594893253     0.0745880449    -0.0168943570
    0.0125663706     0.0062830199     0.4999605221     0.5000000000     0.0740302904     0.0594899347     0.0745880449    -0.0168943570
    0.0251327412     0.0125650477     0.4998420946     0.5000000000     0.0740302904     0.0594917630     0.0745880449    -0.0168943570
    0.0376991118     0.0188450913     0.4996447363     0.5000000000     0.0740302904     0.0594948098     0.0745880449    -0.0168943570
    0.0502654825     0.0251221591     0.4993684783     0.5000000000     0.0740302904     0.0594990748     0.0745880449    -0.0168943570
    0.0628318531     0.0313952598     0.4990133642     0.5000000000     0.0740302904     0.0595045574     0.0745880449    -0.0168943570
    0.0753982237     0.0376634028     0.4985794501     0.5000000000     0.0740302904     0.0595112570     0.0745880449    -0.0168943570
    0.0879645943     0.0439255983     0.4980668046     0.5000000000     0.0740302904     0.0595191726     0.0745880449    -0.0168943570
    0.1005309649     0.0501808574     0.4974755085     0.5000000000     0.0740302904     0.0595283034     0.0745880449    -0.0168943570
    0.1130973355     0.0564281924     0.4968056553     0.5000000000     0.0740302904     0.0595386480     0.0745880449    -0.0168943570
    0.1256637061     0.0626666168     0.4960573507     0.5000000000     0.0740302904     0.0595502053     0.0745880449    -0.0168943570
    0.1382300768     0.0688951453     0.4952307128     0.5000000000     0.0740302904     0.0595629737     0.0745880449    -0.0168943570
    0.1507964474     0.0751127946     0.4943258724     0.5000000000     0.0740302904     0.0595769516     0.0745880449    -0.0168943570
    0.1633628180     0.0813185826     0.4933429721     0.5000000000     0.0740302904     0.0595921372     0.0745880449    -0.0168943570
    0.1759291886     0.0875115295     0.4922821673     0.5000000000     0.0740302904     0.0596085286     0.0745880449    -0.0168943570
    0.1884955592     0.0936906573     0.4911436254     0.5000000000     0.0740302904     0.0596261237     0.0745880449    -0.0168943570
    0.2010619298     0.0998549903     0.4899275262     0.5000000000     0.0740302904     0.0596449202     0.0745880449    -0.0168943570
    0.2136283004     0.1060035550     0.4886340618     0.5000000000     0.0740302904     0.0596649158     0.0745880449    -0.0168943570
    0.2261946711     0.1121353805     0.4872634364     0.5000000000     0.0740302904     0.0596861079     0.0745880449    -0.0168943570
    0.2387610417     0.1182494985     0.4858158665     0.5000000000     0.0740302904     0.0597084937     0.0745880449    -0.0168943570
    0.2513274123     0.1243449436     0.4842915806     0.5000000000     0.0740302904     0.0597320704     0.0745880449    -0.0168943570
    0.2638937829     0.1304207531     0.4826908194     0.5000000000     0.0740302904     0.0597568350     0.0745880449    -0.0168943570
    0.2764601535     0.1364759678     0.4810138358     0.5000000000     0.0740302904     0.0597827843     0.0745880449    -0.0168943570
    0.2890265241     0.1425096312     0.4792608945     0.5000000000     0.0740302904     0.0598099150     0.0745880449    -0.0168943570
    0.3015928947     0.1485207908     0.4774322724     0.5000000000     0.0740302904     0.0598382236     0.0745880449    -0.0168943570
    0.3141592654     0.1545084972     0.4755282581     0.5000000000     0.0740302904     0.0598677065     0.0745880449    -0.0168943570
    0.3267256360     0.1604718049     0.4735491525     0.5000000000     0.0740302904     0.0598983597     0.0745880449    -0.0168943570
    0.3392920066     0.1664097723     0.4714952679     0.5000000000     0.0740302904     0.0599301795     0.0745880449    -0.0168943570
    0.3518583772     0.1723214616     0.4693669288     0.5000000000     0.0740302904     0.0599631617     0.0745880449    -0.0168943570
    0.3644247478     0.1782059394     0.4671644712     0.5000000000     0.0740302904     0.0599973021     0.0745880449    -0.0168943570
    0.3769911184     0.1840622763     0.4648882429     0.5000000000     0.0740302904     0.0600325961     0.0745880449    -0.0168943570
    0.3895574890     0.1898895478     0.4625386034     0.5000000000     0.0740302904     0.0600690394     0.0745880449    -0.0168943570
    0.4021238597     0.1956868334     0.4601159237     0.5000000000     0.0740302904     0.0601066270     0.0745880449    -0.0168943570
    0.4146902303     0.2014532179     0.4576205863     0.5000000000     0.0740302904     0.0601453543     0.0745880449    -0.0168943570
    0.4272566009     0.2071877905     0.4550529853     0.5000000000     0.0740302904     0.0601852161     0.0745880449    -0.0168943570
    0.4398229715     0.2128896458     0.4524135262     0.5000000000     0.0740302904     0.0602262072     0.0745880449    -0.0168943570
    0.4523893421     0.2185578833     0.4497026258     0.5000000000     0.0740302904     0.0602683223     0.0745880449    -0.0168943570
    0.4649557127     0.2241916080     0.4469207121     0.5000000000     0.0740302904     0.0603115560     0.0745880449    -0.0168943570
    0.4775220833     0.2297899303     0.4440682244     0.5000000000     0.0740302904     0.0603559026     0.0745880449    -0.0168943570
    0.4900884540     0.2353519661     0.4411456132     0.5000000000     0.0740302904     0.0604013563     0.0745880449    -0.0168943570
    0.5026548246     0.2408768371     0.4381533400     0.5000000000     0.0740302904     0.0604479111     0.0745880449    -0.0168943570
    0.5152211952     0.2463636708     0.4350918773     0.5000000000     0.0740302904     0.0604955609     0.0745880449    -0.0168943570
    0.5277875658     0.2518116008     0.4319617086     0.5000000000     0.0740302904     0.0605442995     0.0745880449    -0.0168943570
    0.5403539364     0.2572197669     0.4287633281     0.5000000000     0.0740302904     0.0605941205     0.0745880449    -0.0168943570
    0.5529203070     0.2625873150     0.4254972409     0.5000000000     0.0740302904     0.0606450173     0.0745880449    -0.0168943570
    0.5654866776     0.2679133975     0.4221639628     0.5000000000     0.0740302904     0.0606969831     0.0745880449    -0.0168943570
    0.5780530483     0.2731971734     0.4187640200     0.5000000000     0.0740302904     0.0607500113     0.0745880449    -0.0168943570
    0.5906194189     0.2784378082     0.4152979496     0.5000000000     0.0740302904     0.0608040946     0.0745880449    -0.0168943570
    0.6031857895     0.2836344746     0.4117662988     0.5000000000     0.0740302904     0.0608592259     0.0745880449    -0.0168943570
    0.6157521601     0.2887863517     0.4081696254     0.5000000000     0.0740302904     0.0609153980     0.0745880449    -0.0168943570
    0.6283185307     0.2938926261     0.4045084972     0.5000000000     0.0740302904     0.0609726034     0.0745880449    -0.0168943570
    0.6408849013     0.2989524915     0.4007834924     0.5000000000     0.0740302904     0.0610308343     0.0745880449    -0.0168943570
    0.6534512719     0.3039651488     0.3969951993     0.5000000000     0.0740302904     0.0610900832     0.0745880449    -0.0168943570
    0.6660176426     0.3089298065     0.3931442161     0.5000000000     0.0740302904     0.0611503419     0.0745880449    -0.0168943570
    0.6785840132     0.3138456806     0.3892311508     0.5000000000     0.0740302904     0.0612116026     0.0745880449    -0.0168943570
    0.6911503838     0.3187119949     0.3852566214     0.5000000000     0.0740302904     0.0612738568     0.0745880449    -0.0168943570
    0.7037167544     0.3235279808     0.3812212555     0.5000000000     0.0740302904     0.0613370964     0.0745880449    -0.0168943570
    0.7162831250     0.3282928779     0.3771256904     0.5000000000     0.0740302904     0.0614013127     0.0745880449    -0.0168943570
    0.7288494956     0.3330059337     0.3729705727     0.5000000000     0.0740302904     0.0614664971     0.0745880449    -0.0168943570
    0.7414158662     0.3376664041     0.3687565587     0.5000000000     0.0740302904     0.0615326407     0.0745880449    -0.0168943570
    0.7539822369     0.3422735530     0.3644843137     0.5000000000     0.0740302904     0.0615997347     0.0745880449    -0.0168943570
    0.7665486075     0.3468266529     0.3601545124     0.5000000000     0.0740302904     0.0616677698     0.0745880449    -0.0168943570
    0.7791149781     0.3513249849     0.3557678386     0.5000000000     0.0740302904     0.0617367369     0.0745880449    -0.0168943570
    0.7916813487     0.3557678386     0.3513249849     0.5000000000     0.0740302904     0.0618066266     0.0745880449    -0.0168943570
    0.8042477193     0.3601545124     0.3468266529     0.5000000000     0.0740302904     0.0618774293     0.0745880449    -0.0168943570
    0.8168140899     0.3644843137     0.3422735530     0.5000000000     0.0740302904     0.0619491352     0.0745880449    -0.0168943570
    0.8293804605     0.3687565587     0.3376664041     0.5000000000     0.0740302904     0.0620217346     0.0745880449    -0.0168943570
    0.8419468312     0.3729705727     0.3330059337     0.5000000000     0.0740302904     0.0620952176     0.0745880449    -0.0168943570
    0.8545132018     0.3771256904     0.3282928779     0.5000000000     0.0740302904     0.0621695739     0.0745880449    -0.0168943570
    0.8670795724     0.3812212555     0.3235279808     0.5000000000     0.0740302904     0.0622447933     0.0745880449    -0.0168943570
    0.8796459430     0.3852566214     0.3187119949     0.5000000000     0.0740302904     0.0623208654     0.0745880449    -0.0168943570
    0.8922123136     0.3892311508     0.3138456806     0.5000000000     0.0740302904     0.0623977797     0.0745880449    -0.0168943570
    0.9047786842     0.3931442161     0.3089298065     0.5000000000     0.0740302904     0.0624755255     0.0745880449    -0.0168943570
    0.9173450548     0.3969951993     0.3039651488     0.5000000000     0.0740302904     0.0625540919     0.0745880449    -0.0168943570
    0.9299114255     0.4007834924     0.2989524915     0.5000000000     0.0740302904     0.0626334680     0.0745880449    -0.0168943570
    0.9424777961     0.4045084972     0.2938926261     0.5000000000     0.0740302904     0.0627136427     0.0745880449    -0.0168943570
    0.9550441667     0.4081696254     0.2887863517     0.5000000000     0.0740302904     0.0627946047     0.0745880449    -0.0168943570
    0.9676105373     0.4117662988     0.2836344746     0.5000000000     0.0740302904     0.0628763427     0.0745880449    -0.0168943570
    0.9801769079     0.4152979496     0.2784378082     0.5000000000     0.0740302904     0.0629588452     0.0745880449    -0.0168943570
    0.9927432785     0.4187640200     0.2731971734     0.5000000000     0.0740302904     0.0630421005     0.0745880449    -0.0168943570
    1.0053096491     0.4221639628     0.2679133975     0.5000000000     0.0740302904     0.0631260969     0.0745880449    -0.0168943570
    1.0178760198     0.4254972409     0.2625873150     0.5000000000     0.0740302904     0.0632108224     0.0745880449    -0.0168943570
    1.0304423904     0.4287633281     0.2572197669     0.5000000000     0.0740302904     0.0632962650     0.0745880449    -0.0168943570
    1.0430087610     0.4319617086     0.2518116008     0.5000000000     0.0740302904     0.0633824126     0.0745880449    -0.0168943570
    1.0555751316     0.4350918773     0.2463636708     0.5000000000     0.0740302904     0.0634692528     0.0745880449    -0.0168943570
    1.0681415022     0.4381533400     0.2408768371     0.5000000000     0.0740302904     0.0635567732     0.0745880449    -0.0168943570
    1.0807078728     0.4411456132     0.2353519661     0.5000000000     0.0740302904     0.0636449612     0.0745880449    -0.0168943570
    1.0932742434     0.4440682244     0.2297899303     0.5000000000     0.0740302904     0.0637338043     0.0745880449    -0.0168943570
    1.1058406141     0.4469207121     0.2241916080     0.5000000000     0.0740302904     0.0638232895     0.0745880449    -0.0168943570
    1.1184069847     0.4497026258     0.2185578833     0.5000000000     0.0740302904     0.0639134040     0.0745880449    -0.0168943570
    1.1309733553     0.4524135262     0.2128896458     0.5000000000     0.0740302904     0.0640041347     0.0745880449    -0.0168943570
    1.1435397259     0.4550529853     0.2071877905     0.5000000000     0.0740302904     0.0640954684     0.0745880449    -0.0168943570
    1.1561060965     0.4576205863     0.2014532179     0.5000000000     0.0740302904     0.0641873919     0.0745880449    -0.0168943570
    1.1686724671     0.4601159237     0.1956868334     0.5000000000     0.0740302904     0.0642798918     0.0745880449    -0.0168943570
    1.1812388377     0.4625386034     0.1898895478     0.5000000000     0.0740302904     0.0643729544     0.0745880449    -0.0168943570
    1.1938052084     0.4648882429     0.1840622763     0.5000000000     0.0740302904     0.0644665663     0.0745880449    -0.0168943570
    1.2063715790     0.4671644712     0.1782059394     0.5000000000     0.0740302904     0.0645607136     0.0745880449    -0.0168943570
    1.2189379496     0.4693669288     0.1723214616     0.5000000000     0.0740302904     0.0646553826     0.0745880449    -0.0168943570
    1.2315043202     0.4714952679     0.1664097723     0.5000000000     0.0740302904     0.0647505591     0.0745880449    -0.0168943570
    1.2440706908     0.4735491525     0.1604718049     0.5000000000     0.0740302904     0.0648462291     0.0745880449    -0.0168943570
    1.2566370614     0.4755282581     0.1545084972     0.5000000000     0.0740302904     0.0649423786     0.0745880449    -0.0168943570
    1.2692034321     0.4774322724     0.1485207908     0.5000000000     0.0740302904     0.0650389930     0.0745880449    -0.0168943570
    1.2817698027     0.4792608945     0.1425096312     0.5000000000     0.0740302904     0.0651360582     0.0745880449    -0.0168943570
    1.2943361733     0.4810138358     0.1364759678     0.5000000000     0.0740302904     0.0652335595     0.0745880449    -0.0168943570
    1.3069025439     0.4826908194     0.1304207531     0.5000000000     0.0740302904     0.0653314824     0.0745880449    -0.0168943570
    1.3194689145     0.4842915806     0.1243449436     0.5000000000     0.0740302904     0.0654298121     0.0745880449    -0.0168943570
    1.3320352851     0.4858158665     0.1182494985     0.5000000000     0.0740302904     0.0655285339     0.0745880449    -0.0168943570
    1.3446016557     0.4872634364     0.1121353805     0.5000000000     0.0740302904     0.0656276329     0.0745880449    -0.0168943570
    1.3571680264     0.4886340618     0.1060035550     0.5000000000     0.0740302904     0.0657270942     0.0745880449    -0.0168943570
    1.3697343970     0.4899275262     0.0998549903     0.5000000000     0.0740302904     0.0658269025     0.0745880449    -0.0168943570
    1.3823007676     0.4911436254     0.0936906573     0.5000000000     0.0740302904     0.0659270429     0.0745880449    -0.0168943570
    1.3948671382     0.4922821673     0.0875115295     0.5000000000     0.0740302904     0.0660274999     0.0745880449    -0.0168943570
    1.4074335088     0.4933429721     0.0813185826     0.5000000000     0.0740302904     0.0661282584     0.0745880449    -0.0168943570
    1.4199998794     0.4943258724     0.0751127946     0.5000000000     0.0740302904     0.0662293028     0.0745880449    -0.0168943570
    1.4325662500     0.4952307128     0.0688951453     0.5000000000     0.0740302904     0.0663306178     0.0745880449    -0.0168943570
    1.4451326207     0.4960573507     0.0626666168     0.5000000000     0.0740302904     0.0664321876     0.0745880449    -0.0168943570
    1.4576989913     0.4968056553     0.0564281924     0.5000000000     0.0740302904     0.0665339968     0.0745880449    -0.0168943570
    1.4702653619     0.4974755085     0.0501808574     0.5000000000     0.0740302904     0.0666360294     0.0745880449    -0.0168943570
    1.4828317325     0.4980668046     0.0439255983     0.5000000000     0.0740302904     0.0667382698     0.0745880449    -0.0168943570
    1.4953981031     0.4985794501     0.0376634028     0.5000000000     0.0740302904     0.0668407021     0.0745880449    -0.0168943570
    1.5079644737     0.4990133642     0.0313952598     0.5000000000     0.0740302904     0.0669433103     0.0745880449    -0.0168943570
    1.5205308443     0.4993684783     0.0251221591     0.5000000000     0.0740302904     0.0670460785     0.0745880449    -0.0168943570
    1.5330972150     0.4996447363     0.0188450913     0.5000000000     0.0740302904     0.0671489905     0.0745880449    -0.0168943570
    1.5456635856     0.4998420946     0.0125650477     0.5000000000     0.0740302904     0.0672520303     0.0745880449    -0.0168943570
    1.5582299562     0.4999605221     0.0062830199     0.5000000000     0.0740302904     0.0673551817     0.0745880449    -0.0168943570
    1.5707963268     0.5000000000    -0.0000000000     0.5000000000     0.0740302904     0.0674584285     0.0745880449    -0.0168943570
    1.5833626974     0.4999605221    -0.0062830199     0.5000000000     0.0740302904     0.0675617544     0.0745880449    -0.0168943570
    1.5959290680     0.4998420946    -0.0125650477     0.5000000000     0.0740302904     0.0676651429     0.0745880449    -0.0168943570
    1.6084954386     0.4996447363    -0.0188450913     0.5000000000     0.0740302904     0.0677685779     0.0745880449    -0.0168943570
    1.6210618093     0.4993684783    -0.0251221591     0.5000000000     0.0740302904     0.0678720427     0.0745880449    -0.0168943570
    1.6336281799     0.4990133642    -0.0313952598     0.5000000000     0.0740302904     0.0679755210     0.0745880449    -0.0168943570
    1.6461945505     0.4985794501    -0.0376634028     0.5000000000     0.0740302904     0.0680789963     0.0745880449    -0.0168943570
    1.6587609211     0.4980668046    -0.0439255983     0.5000000000     0.0740302904     0.0681824519     0.0745880449    -0.0168943570
    1.6713272917     0.4974755085    -0.0501808574     0.5000000000     0.0740302904     0.0682858714     0.0745880449    -0.0168943570
    1.6838936623     0.4968056553    -0.0564281924     0.5000000000     0.0740302904     0.0683892381     0.0745880449    -0.0168943570
    1.6964600329     0.4960573507    -0.0626666168     0.5000000000     0.0740302904     0.0684925354     0.0745880449    -0.0168943570
    1.7090264036     0.4952307128    -0.0688951453     0.5000000000     0.0740302904     0.0685957466     0.0745880449    -0.0168943570
    1.7215927742     0.4943258724    -0.0751127946     0.5000000000     0.0740302904     0.0686988550     0.0745880449    -0.0168943570
    1.7341591448     0.4933429721    -0.0813185826     0.5000000000     0.0740302904     0.0688018439     0.0745880449    -0.0168943570
    1.7467255154     0.4922821673    -0.0875115295     0.5000000000     0.0740302904     0.0689046967     0.0745880449    -0.0168943570
    1.7592918860     0.4911436254    -0.0936906573     0.5000000000     0.0740302904     0.0690073964     0.0745880449    -0.0168943570
    1.7718582566     0.4899275262    -0.0998549903     0.5000000000     0.0740302904     0.0691099265     0.0745880449    -0.0168943570
    1.7844246272     0.4886340618    -0.1060035550     0.5000000000     0.0740302904     0.0692122702     0.0745880449    -0.0168943570
    1.7969909979     0.4872634364    -0.1121353805     0.5000000000     0.0740302904     0.0693144106     0.0745880449    -0.0168943570
    1.8095573685     0.4858158665    -0.1182494985     0.5000000000     0.0740302904     0.0694163310     0.0745880449    -0.0168943570
    1.8221237391     0.4842915806    -0.1243449436     0.5000000000     0.0740302904     0.0695180147     0.0745880449    -0.0168943570
    1.8346901097     0.4826908194    -0.1304207531     0.5000000000     0.0740302904     0.0696194450     0.0745880449    -0.0168943570
    1.8472564803     0.4810138358    -0.1364759678     0.5000000000     0.0740302904     0.0697206049     0.0745880449    -0.0168943570
    1.8598228509     0.4792608945    -0.1425096312     0.5000000000     0.0740302904     0.0698214779     0.0745880449    -0.0168943570
    1.8723892215     0.4774322724    -0.1485207908     0.5000000000     0.0740302904     0.0699220472     0.0745880449    -0.0168943570
    1.8849555922     0.4755282581    -0.1545084972     0.5000000000     0.0740302904     0.0700222960     0.0745880449    -0.0168943570
    1.8975219628     0.4735491525    -0.1604718049     0.5000000000     0.0740302904     0.0701222077     0.0745880449    -0.0168943570
    1.9100883334     0.4714952679    -0.1664097723     0.5000000000     0.0740302904     0.0702217656     0.0745880449    -0.0168943570
    1.9226547040     0.4693669288    -0.1723214616     0.5000000000     0.0740302904     0.0703209531     0.0745880449    -0.0168943570
    1.9352210746     0.4671644712    -0.1782059394     0.5000000000     0.0740302904     0.0704197536     0.0745880449    -0.0168943570
    1.9477874452     0.4648882429    -0.1840622763     0.5000000000     0.0740302904     0.0705181504     0.0745880449    -0.0168943570
    1.9603538158     0.4625386034    -0.1898895478     0.5000000000     0.0740302904     0.0706161271     0.0745880449    -0.0168943570
    1.9729201865     0.4601159237    -0.1956868334     0.5000000000     0.0740302904     0.0707136671     0.0745880449    -0.0168943570
    1.9854865571     0.4576205863    -0.2014532179     0.5000000000     0.0740302904     0.0708107539     0.0745880449    -0.0168943570
    1.9980529277     0.4550529853    -0.2071877905     0.5000000000     0.0740302904     0.0709073712     0.0745880449    -0.0168943570
    2.0106192983     0.4524135262    -0.2128896458     0.5000000000     0.0740302904     0.0710035026     0.0745880449    -0.0168943570
    2.0231856689     0.4497026258    -0.2185578833     0.5000000000     0.0740302904     0.0710991318     0.0745880449    -0.0168943570
    2.0357520395     0.4469207121    -0.2241916080     0.5000000000     0.0740302904     0.0711942424     0.0745880449    -0.0168943570
    2.0483184101     0.4440682244    -0.2297899303     0.5000000000     0.0740302904     0.0712888183     0.0745880449    -0.0168943570
    2.0608847808     0.4411456132    -0.2353519661     0.5000000000     0.0740302904     0.0713828434     0.0745880449    -0.0168943570
    2.0734511514     0.4381533400    -0.2408768371     0.5000000000     0.0740302904     0.0714763016     0.0745880449    -0.0168943570
    2.0860175220     0.4350918773    -0.2463636708     0.5000000000     0.0740302904     0.0715691769     0.0745880449    -0.0168943570
    2.0985838926     0.4319617086    -0.2518116008     0.5000000000     0.0740302904     0.0716614533     0.0745880449    -0.0168943570
    2.1111502632     0.4287633281    -0.2572197669     0.5000000000     0.0740302904     0.0717531150     0.0745880449    -0.0168943570
    2.1237166338     0.4254972409    -0.2625873150     0.5000000000     0.0740302904     0.0718441461     0.0745880449    -0.0168943570
    2.1362830044     0.4221639628    -0.2679133975     0.5000000000     0.0740302904     0.0719345311     0.0745880449    -0.0168943570
    2.1488493751     0.4187640200    -0.2731971734     0.5000000000     0.0740302904     0.0720242543     0.0745880449    -0.0168943570
    2.1614157457     0.4152979496    -0.2784378082     0.5000000000     0.0740302904     0.0721133001     0.0745880449    -0.0168943570
    2.1739821163     0.4117662988    -0.2836344746     0.5000000000     0.0740302904     0.0722016532     0.0745880449    -0.0168943570
    2.1865484869     0.4081696254    -0.2887863517     0.5000000000     0.0740302904     0.0722892982     0.0745880449    -0.0168943570
    2.1991148575     0.4045084972    -0.2938926261     0.5000000000     0.0740302904     0.0723762198     0.0745880449    -0.0168943570
    2.2116812281     0.4007834924    -0.2989524915     0.5000000000     0.0740302904     0.0724624029     0.0745880449    -0.0168943570
    2.2242475987     0.3969951993    -0.3039651488     0.5000000000     0.0740302904     0.0725478326     0.0745880449    -0.0168943570
    2.2368139694     0.3931442161    -0.3089298065     0.5000000000     0.0740302904     0.0726324938     0.0745880449    -0.0168943570
    2.2493803400     0.3892311508    -0.3138456806     0.5000000000     0.0740302904     0.0727163717     0.0745880449    -0.0168943570
    2.2619467106     0.3852566214    -0.3187119949     0.5000000000     0.0740302904     0.0727994517     0.0745880449    -0.0168943570
    2.2745130812     0.3812212555    -0.3235279808     0.5000000000     0.0740302904     0.0728817191     0.0745880449    -0.0168943570
    2.2870794518     0.3771256904    -0.3282928779     0.5000000000     0.0740302904     0.0729631596     0.0745880449    -0.0168943570
    2.2996458224     0.3729705727    -0.3330059337     0.5000000000     0.0740302904     0.0730437588     0.0745880449    -0.0168943570
    2.3122121930     0.3687565587    -0.3376664041     0.5000000000     0.0740302904     0.0731235024     0.0745880449    -0.0168943570
    2.3247785637     0.3644843137    -0.3422735530     0.5000000000     0.0740302904     0.0732023764     0.0745880449    -0.0168943570
    2.3373449343     0.3601545124    -0.3468266529     0.5000000000     0.0740302904     0.0732803669     0.0745880449    -0.0168943570
    2.3499113049     0.3557678386    -0.3513249849     0.5000000000     0.0740302904     0.0733574600     0.0745880449    -0.0168943570
    2.3624776755     0.3513249849    -0.3557678386     0.5000000000     0.0740302904     0.0734336421     0.0745880449    -0.0168943570
    2.3750440461     0.3468266529    -0.3601545124     0.5000000000     0.0740302904     0.0735088997     0.0745880449    -0.0168943570
    2.3876104167     0.3422735530    -0.3644843137     0.5000000000     0.0740302904     0.0735832194     0.0745880449    -0.0168943570
    2.4001767873     0.3376664041    -0.3687565587     0.5000000000     0.0740302904     0.0736565879     0.0745880449    -0.0168943570
    2.4127431580     0.3330059337    -0.3729705727     0.5000000000     0.0740302904     0.0737289923     0.0745880449    -0.0168943570
    2.4253095286     0.3282928779    -0.3771256904     0.5000000000     0.0740302904     0.0738004195     0.0745880449    -0.0168943570
    2.4378758992     0.3235279808    -0.3812212555     0.5000000000     0.0740302904     0.0738708569     0.0745880449    -0.0168943570
    2.4504422698     0.3187119949    -0.3852566214     0.5000000000     0.0740302904     0.0739402918     0.0745880449    -0.0168943570
    2.4630086404     0.3138456806    -0.3892311508     0.5000000000     0.0740302904     0.0740087117     0.0745880449    -0.0168943570
    2.4755750110     0.3089298065    -0.3931442161     0.5000000000     0.0740302904     0.0740761045     0.0745880449    -0.0168943570
    2.4881413816     0.3039651488    -0.3969951993     0.5000000000     0.0740302904     0.0741424581     0.0745880449    -0.0168943570
    2.5007077523     0.2989524915    -0.4007834924     0.5000000000     0.0740302904     0.0742077604     0.0745880449    -0.0168943570
    2.5132741229     0.2938926261    -0.4045084972     0.5000000000     0.0740302904     0.0742719999     0.0745880449    -0.0168943570
    2.5258404935     0.2887863517    -0.4081696254     0.5000000000     0.0740302904     0.0743351648     0.0745880449    -0.0168943570
    2.5384068641     0.2836344746    -0.4117662988     0.5000000000     0.0740302904     0.0743972438     0.0745880449    -0.0168943570
    2.5509732347     0.2784378082    -0.4152979496     0.5000000000     0.0740302904     0.0744582258     0.0745880449    -0.0168943570
    2.5635396053     0.2731971734    -0.4187640200     0.5000000000     0.0740302904     0.0745180996     0.0745880449    -0.0168943570
    2.5761059759     0.2679133975    -0.4221639628     0.5000000000     0.0740302904     0.0745768545     0.0745880449    -0.0168943570
    2.5886723466     0.2625873150    -0.4254972409     0.5000000000     0.0740302904     0.0746344799     0.0745880449    -0.0168943570
    2.6012387172     0.2572197669    -0.4287633281     0.5000000000     0.0740302904     0.0746909652     0.0745880449    -0.0168943570
    2.6138050878     0.2518116008    -0.4319617086     0.5000000000     0.0740302904     0.0747463004     0.0745880449    -0.0168943570
    2.6263714584     0.2463636708    -0.4350918773     0.5000000000     0.0740302904     0.0748004752     0.0745880449    -0.0168943570
    2.6389378290     0.2408768371    -0.4381533400     0.5000000000     0.0740302904     0.0748534799     0.0745880449    -0.0168943570
    2.6515041996     0.2353519661    -0.4411456132     0.5000000000     0.0740302904     0.0749053048     0.0745880449    -0.0168943570
    2.6640705702     0.2297899303    -0.4440682244     0.5000000000     0.0740302904     0.0749559405     0.0745880449    -0.0168943570
    2.6766369409     0.2241916080    -0.4469207121     0.5000000000     0.0740302904     0.0750053778     0.0745880449    -0.0168943570
    2.6892033115     0.2185578833    -0.4497026258     0.5000000000     0.0740302904     0.0750536076     0.0745880449    -0.0168943570
    2.7017696821     0.2128896458    -0.4524135262     0.5000000000     0.0740302904     0.0751006212     0.0745880449    -0.0168943570
    2.7143360527     0.2071877905    -0.4550529853     0.5000000000     0.0740302904     0.0751464100     0.0745880449    -0.0168943570
    2.7269024233     0.2014532179    -0.4576205863     0.5000000000     0.0740302904     0.0751909656     0.0745880449    -0.0168943570
    2.7394687939     0.1956868334    -0.4601159237     0.5000000000     0.0740302904     0.0752342798     0.0745880449    -0.0168943570
    2.7520351645     0.1898895478    -0.4625386034     0.5000000000     0.0740302904     0.0752763448     0.0745880449    -0.0168943570
    2.7646015352     0.1840622763    -0.4648882429     0.5000000000     0.0740302904     0.0753171528     0.0745880449    -0.0168943570
    2.7771679058     0.1782059394    -0.4671644712     0.5000000000     0.0740302904     0.0753566964     0.0745880449    -0.0168943570
    2.7897342764     0.1723214616    -0.4693669288     0.5000000000     0.0740302904     0.0753949683     0.0745880449    -0.0168943570
    2.8023006470     0.1664097723    -0.4714952679     0.5000000000     0.0740302904     0.0754319614     0.0745880449    -0.0168943570
    2.8148670176     0.1604718049    -0.4735491525     0.5000000000     0.0740302904     0.0754676691     0.0745880449    -0.0168943570
    2.8274333882     0.1545084972    -0.4755282581     0.5000000000     0.0740302904     0.0755020847     0.0745880449    -0.0168943570
    2.8399997588     0.1485207908    -0.4774322724     0.5000000000     0.0740302904     0.0755352019     0.0745880449    -0.0168943570
    2.8525661295     0.1425096312    -0.4792608945     0.5000000000     0.0740302904     0.0755670146     0.0745880449    -0.0168943570
    2.8651325001     0.1364759678    -0.4810138358     0.5000000000     0.0740302904     0.0755975169     0.0745880449    -0.0168943570
    2.8776988707     0.1304207531    -0.4826908194     0.5000000000     0.0740302904     0.0756267033     0.0745880449    -0.0168943570
    2.8902652413     0.1243449436    -0.4842915806     0.5000000000     0.0740302904     0.0756545684     0.0745880449    -0.0168943570
    2.9028316119     0.1182494985    -0.4858158665     0.5000000000     0.0740302904     0.0756811070     0.0745880449    -0.0168943570
    2.9153979825     0.1121353805    -0.4872634364     0.5000000000     0.0740302904     0.0757063143     0.0745880449    -0.0168943570
    2.9279643531     0.1060035550    -0.4886340618     0.5000000000     0.0740302904     0.0757301856     0.0745880449    -0.0168943570
    2.9405307238     0.0998549903    -0.4899275262     0.5000000000     0.0740302904     0.0757527164     0.0745880449    -0.0168943570
    2.9530970944     0.0936906573    -0.4911436254     0.5000000000     0.0740302904     0.0757739027     0.0745880449    -0.0168943570
    2.9656634650     0.0875115295    -0.4922821673     0.5000000000     0.0740302904     0.0757937405     0.0745880449    -0.0168943570
    2.9782298356     0.0813185826    -0.4933429721     0.5000000000     0.0740302904     0.0758122261     0.0745880449    -0.0168943570
    2.9907962062     0.0751127946    -0.4943258724     0.5000000000     0.0740302904     0.0758293562     0.0745880449    -0.0168943570
    3.0033625768     0.0688951453    -0.4952307128     0.5000000000     0.0740302904     0.0758451276     0.0745880449    -0.0168943570
    3.0159289474     0.0626666168    -0.4960573507     0.5000000000     0.0740302904     0.0758595373     0.0745880449    -0.0168943570
    3.0284953181     0.0564281924    -0.4968056553     0.5000000000     0.0740302904     0.0758725828     0.0745880449    -0.0168943570
    3.0410616887     0.0501808574    -0.4974755085     0.5000000000     0.0740302904     0.0758842615     0.0745880449    -0.0168943570
    3.0536280593     0.0439255983    -0.4980668046     0.5000000000     0.0740302904     0.0758945713     0.0745880449    -0.0168943570
    3.0661944299     0.0376634028    -0.4985794501     0.5000000000     0.0740302904     0.0759035104     0.0745880449    -0.0168943570
    3.0787608005     0.0313952598    -0.4990133642     0.5000000000     0.0740302904     0.0759110770     0.0745880449    -0.0168943570
    3.0913271711     0.0251221591    -0.4993684783     0.5000000000     0.0740302904     0.0759172698     0.0745880449    -0.0168943570
    3.1038935417     0.0188450913    -0.4996447363     0.5000000000     0.0740302904     0.0759220875     0.0745880449    -0.0168943570
    3.1164599124     0.0125650477    -0.4998420946     0.5000000000     0.0740302904     0.0759255295     0.0745880449    -0.0168943570
    3.1290262830     0.0062830199    -0.4999605221     0.5000000000     0.0740302904     0.0759275949     0.0745880449    -0.0168943570
    3.1415926536    -0.0000000000    -0.5000000000     0.5000000000     0.0740302904     0.0759282834     0.0745880449    -0.0168943570
    3.1541590242    -0.0062830199    -0.4999605221     0.5000000000     0.0740302904     0.0759275949     0.0745880449    -0.0168943570
    3.1667253948    -0.0125650477    -0.4998420946     0.5000000000     0.0740302904     0.0759255295     0.0745880449    -0.0168943570
    3.1792917654    -0.0188450913    -0.4996447363     0.5000000000     0.0740302904     0.0759220875     0.0745880449    -0.0168943570
    3.1918581360    -0.0251221591    -0.4993684783     0.5000000000     0.0740302904     0.0759172698     0.0745880449    -0.0168943570
    3.2044245067    -0.0313952598    -0.4990133642     0.5000000000     0.0740302904     0.0759110770     0.0745880449    -0.0168943570
    3.2169908773    -0.0376634028    -0.4985794501     0.5000000000     0.0740302904     0.0759035104     0.0745880449    -0.0168943570
    3.2295572479    -0.0439255983    -0.4980668046     0.5000000000     0.0740302904     0.0758945713     0.0745880449    -0.0168943570
    3.2421236185    -0.0501808574    -0.4974755085     0.5000000000     0.0740302904     0.0758842615     0.0745880449    -0.0168943570
    3.2546899891    -0.0564281924    -0.4968056553     0.5000000000     0.0740302904     0.0758725828     0.0745880449    -0.0168943570
    3.2672563597    -0.0626666168    -0.4960573507     0.5000000000     0.0740302904     0.0758595373     0.0745880449    -0.0168943570
    3.2798227303    -0.0688951453    -0.4952307128     0.5000000000     0.0740302904     0.0758451276     0.0745880449    -0.0168943570
    3.2923891010    -0.0751127946    -0.4943258724     0.5000000000     0.0740302904     0.0758293562     0.0745880449    -0.0168943570
    3.3049554716    -0.0813185826    -0.4933429721     0.5000000000     0.0740302904     0.0758122261     0.0745880449    -0.0168943570
    3.3175218422    -0.0875115295    -0.4922821673     0.5000000000     0.0740302904     0.0757937405     0.0745880449    -0.0168943570
    3.3300882128    -0.0936906573    -0.4911436254     0.5000000000     0.0740302904     0.0757739027     0.0745880449    -0.0168943570
    3.3426545834    -0.0998549903    -0.4899275262     0.5000000000     0.0740302904     0.0757527164     0.0745880449    -0.0168943570
    3.3552209540    -0.1060035550    -0.4886340618     0.5000000000     0.0740302904     0.0757301856     0.0745880449    -0.0168943570
    3.3677873246    -0.1121353805    -0.4872634364     0.5000000000     0.0740302904     0.0757063143     0.0745880449    -0.0168943570
    3.3803536953    -0.1182494985    -0.4858158665     0.5000000000     0.0740302904     0.0756811070     0.0745880449    -0.0168943570
    3.3929200659    -0.1243449436    -0.4842915806     0.5000000000     0.0740302904     0.0756545684     0.0745880449    -0.0168943570
    3.4054864365    -0.1304207531    -0.4826908194     0.5000000000     0.0740302904     0.0756267033     0.0745880449    -0.0168943570
    3.4180528071    -0.1364759678    -0.4810138358     0.5000000000     0.0740302904     0.0755975169     0.0745880449    -0.0168943570
    3.4306191777    -0.1425096312    -0.4792608945     0.5000000000     0.0740302904     0.0755670146     0.0745880449    -0.0168943570
    3.4431855483    -0.1485207908    -0.4774322724     0.5000000000     0.0740302904     0.0755352019     0.0745880449    -0.0168943570
    3.4557519189    -0.1545084972    -0.4755282581     0.5000000000     0.0740302904     0.0755020847     0.0745880449    -0.0168943570
    3.4683182896    -0.1604718049    -0.4735491525     0.5000000000     0.0740302904     0.0754676691     0.0745880449    -0.0168943570
    3.4808846602    -0.1664097723    -0.4714952679     0.5000000000     0.0740302904     0.0754319614     0.0745880449    -0.0168943570
    3.4934510308    -0.1723214616    -0.4693669288     0.5000000000     0.0740302904     0.0753949683     0.0745880449    -0.0168943570
    3.5060174014    -0.1782059394    -0.4671644712     0.5000000000     0.0740302904     0.0753566964     0.0745880449    -0.0168943570
    3.5185837720    -0.1840622763    -0.4648882429     0.5000000000     0.0740302904     0.0753171528     0.0745880449    -0.0168943570
    3.5311501426    -0.1898895478    -0.4625386034     0.5000000000     0.0740302904     0.0752763448     0.0745880449    -0.0168943570
    3.5437165132    -0.1956868334    -0.4601159237     0.5000000000     0.0740302904     0.0752342798     0.0745880449    -0.0168943570
    3.5562828839    -0.2014532179    -0.4576205863     0.5000000000     0.0740302904     0.0751909656     0.0745880449    -0.0168943570
    3.5688492545    -0.2071877905    -0.4550529853     0.5000000000     0.0740302904     0.0751464100     0.0745880449    -0.0168943570
    3.5814156251    -0.2128896458    -0.4524135262     0.5000000000     0.0740302904     0.0751006212     0.0745880449    -0.0168943570
    3.5939819957    -0.2185578833    -0.4497026258     0.5000000000     0.0740302904     0.0750536076     0.0745880449    -0.0168943570
    3.6065483663    -0.2241916080    -0.4469207121     0.5000000000     0.0740302904     0.0750053778     0.0745880449    -0.0168943570
    3.6191147369    -0.2297899303    -0.4440682244     0.5000000000     0.0740302904     0.0749559405     0.0745880449    -0.0168943570
    3.6316811075    -0.2353519661    -0.4411456132     0.5000000000     0.0740302904     0.0749053048     0.0745880449    -0.0168943570
    3.6442474782    -0.2408768371    -0.4381533400     0.5000000000     0.0740302904     0.0748534799     0.0745880449    -0.0168943570
    3.6568138488    -0.2463636708    -0.4350918773     0.5000000000     0.0740302904     0.0748004752     0.0745880449    -0.0168943570
    3.6693802194    -0.2518116008    -0.4319617086     0.5000000000     0.0740302904     0.0747463004     0.0745880449    -0.0168943570
    3.6819465900    -0.2572197669    -0.4287633281     0.5000000000     0.0740302904     0.0746909652     0.0745880449    -0.0168943570
    3.6945129606    -0.2625873150    -0.4254972409     0.5000000000     0.0740302904     0.0746344799     0.0745880449    -0.0168943570
    3.7070793312    -0.2679133975    -0.4221639628     0.5000000000     0.0740302904     0.0745768545     0.0745880449    -0.0168943570
    3.7196457019    -0.2731971734    -0.4187640200     0.5000000000     0.0740302904     0.0745180996     0.0745880449    -0.0168943570
    3.7322120725    -0.2784378082    -0.4152979496     0.5000000000     0.0740302904     0.0744582258     0.0745880449    -0.0168943570
    3.7447784431    -0.2836344746    -0.4117662988     0.5000000000     0.0740302904     0.0743972438     0.0745880449    -0.0168943570
    3.7573448137    -0.2887863517    -0.4081696254     0.5000000000     0.0740302904     0.0743351648     0.0745880449    -0.0168943570
    3.7699111843    -0.2938926261    -0.4045084972     0.5000000000     0.0740302904     0.0742719999     0.0745880449    -0.0168943570
    3.7824775549    -0.2989524915    -0.4007834924     0.5000000000     0.0740302904     0.0742077604     0.0745880449    -0.0168943570
    3.7950439255    -0.3039651488    -0.3969951993     0.5000000000     0.0740302904     0.0741424581     0.0745880449    -0.0168943570
    3.8076102962    -0.3089298065    -0.3931442161     0.5000000000     0.0740302904     0.0740761045     0.0745880449    -0.0168943570
    3.8201766668    -0.3138456806    -0.3892311508     0.5000000000     0.0740302904     0.0740087117     0.0745880449    -0.0168943570
    3.8327430374    -0.3187119949    -0.3852566214     0.5000000000     0.0740302904     0.0739402918     0.0745880449    -0.0168943570
    3.8453094080    -0.3235279808    -0.3812212555     0.5000000000     0.0740302904     0.0738708569     0.0745880449    -0.0168943570
    3.8578757786    -0.3282928779    -0.3771256904     0.5000000000     0.0740302904     0.0738004195     0.0745880449    -0.0168943570
    3.8704421492    -0.3330059337    -0.3729705727     0.5000000000     0.0740302904     0.0737289923     0.0745880449    -0.0168943570
    3.8830085198    -0.3376664041    -0.3687565587     0.5000000000     0.0740302904     0.0736565879     0.0745880449    -0.0168943570
    3.8955748905    -0.3422735530    -0.3644843137     0.5000000000     0.0740302904     0.0735832194     0.0745880449    -0.0168943570
    3.9081412611    -0.3468266529    -0.3601545124     0.5000000000     0.0740302904     0.0735088997     0.0745880449    -0.0168943570
    3.9207076317    -0.3513249849    -0.3557678386     0.5000000000     0.0740302904     0.0734336421     0.0745880449    -0.0168943570
    3.9332740023    -0.3557678386    -0.3513249849     0.5000000000     0.0740302904     0.0733574600     0.0745880449    -0.0168943570
    3.9458403729    -0.3601545124    -0.3468266529     0.5000000000     0.0740302904     0.0732803669     0.0745880449    -0.0168943570
    3.9584067435    -0.3644843137    -0.3422735530     0.5000000000     0.0740302904     0.0732023764     0.0745880449    -0.0168943570
    3.9709731141    -0.3687565587    -0.3376664041     0.5000000000     0.0740302904     0.0731235024     0.0745880449    -0.0168943570
    3.9835394848    -0.3729705727    -0.3330059337     0.5000000000     0.0740302904     0.0730437588     0.0745880449    -0.0168943570
    3.9961058554    -0.3771256904    -0.3282928779     0.5000000000     0.0740302904     0.0729631596     0.0745880449    -0.0168943570
    4.0086722260    -0.3812212555    -0.3235279808     0.5000000000     0.0740302904     0.0728817191     0.0745880449    -0.0168943570
    4.0212385966    -0.3852566214    -0.3187119949     0.5000000000     0.0740302904     0.0727994517     0.0745880449    -0.0168943570
    4.0338049672    -0.3892311508    -0.3138456806     0.5000000000     0.0740302904     0.0727163717     0.0745880449    -0.0168943570
    4.0463713378    -0.3931442161    -0.3089298065     0.5000000000     0.0740302904     0.0726324938     0.0745880449    -0.0168943570
    4.0589377084    -0.3969951993    -0.3039651488     0.5000000000     0.0740302904     0.0725478326     0.0745880449    -0.0168943570
    4.0715040791    -0.4007834924    -0.2989524915     0.5000000000     0.0740302904     0.0724624029     0.0745880449    -0.0168943570
    4.0840704497    -0.4045084972    -0.2938926261     0.5000000000     0.0740302904     0.0723762198     0.0745880449    -0.0168943570
    4.0966368203    -0.4081696254    -0.2887863517     0.5000000000     0.0740302904     0.0722892982     0.0745880449    -0.0168943570
    4.1092031909    -0.4117662988    -0.2836344746     0.5000000000     0.0740302904     0.0722016532     0.0745880449    -0.0168943570
    4.1217695615    -0.4152979496    -0.2784378082     0.5000000000     0.0740302904     0.0721133001     0.0745880449    -0.0168943570
    4.1343359321    -0.4187640200    -0.2731971734     0.5000000000     0.0740302904     0.0720242543     0.0745880449    -0.0168943570
    4.1469023027    -0.4221639628    -0.2679133975     0.5000000000     0.0740302904     0.0719345311     0.0745880449    -0.0168943570
    4.1594686734    -0.4254972409    -0.2625873150     0.5000000000     0.0740302904     0.0718441461     0.0745880449    -0.0168943570
    4.1720350440    -0.4287633281    -0.2572197669     0.5000000000     0.0740302904     0.0717531150     0.0745880449    -0.0168943570
    4.1846014146    -0.4319617086    -0.2518116008     0.5000000000     0.0740302904     0.0716614533     0.0745880449    -0.0168943570
    4.1971677852    -0.4350918773    -0.2463636708     0.5000000000     0.0740302904     0.0715691769     0.0745880449    -0.0168943570
    4.2097341558    -0.4381533400    -0.2408768371     0.5000000000     0.0740302904     0.0714763016     0.0745880449    -0.0168943570
    4.2223005264    -0.4411456132    -0.2353519661     0.5000000000     0.0740302904     0.0713828434     0.0745880449    -0.0168943570
    4.2348668970    -0.4440682244    -0.2297899303     0.5000000000     0.0740302904     0.0712888183     0.0745880449    -0.0168943570
    4.2474332677    -0.4469207121    -0.2241916080     0.5000000000     0.0740302904     0.0711942424     0.0745880449    -0.0168943570
    4.2599996383    -0.4497026258    -0.2185578833     0.5000000000     0.0740302904     0.0710991318     0.0745880449    -0.0168943570
    4.2725660089    -0.4524135262    -0.2128896458     0.5000000000     0.0740302904     0.0710035026     0.0745880449    -0.0168943570
    4.2851323795    -0.4550529853    -0.2071877905     0.5000000000     0.0740302904     0.0709073712     0.0745880449    -0.0168943570
    4.2976987501    -0.4576205863    -0.2014532179     0.5000000000     0.0740302904     0.0708107539     0.0745880449    -0.0168943570
    4.3102651207    -0.4601159237    -0.1956868334     0.5000000000     0.0740302904     0.0707136671     0.0745880449    -0.0168943570
    4.3228314913    -0.4625386034    -0.1898895478     0.5000000000     0.0740302904     0.0706161271     0.0745880449    -0.0168943570
    4.3353978620    -0.4648882429    -0.1840622763     0.5000000000     0.0740302904     0.0705181504     0.0745880449    -0.0168943570
    4.3479642326    -0.4671644712    -0.1782059394     0.5000000000     0.0740302904     0.0704197536     0.0745880449    -0.0168943570
    4.3605306032    -0.4693669288    -0.1723214616     0.5000000000     0.0740302904     0.0703209531     0.0745880449    -0.0168943570
    4.3730969738    -0.4714952679    -0.1664097723     0.5000000000     0.0740302904     0.0702217656     0.0745880449    -0.0168943570
    4.3856633444    -0.4735491525    -0.1604718049     0.5000000000     0.0740302904     0.0701222077     0.0745880449    -0.0168943570
    4.3982297150    -0.4755282581    -0.1545084972     0.5000000000     0.0740302904     0.0700222960     0.0745880449    -0.0168943570
    4.4107960856    -0.4774322724    -0.1485207908     0.5000000000     0.0740302904     0.0699220472     0.0745880449    -0.0168943570
    4.4233624563    -0.4792608945    -0.1425096312     0.5000000000     0.0740302904     0.0698214779     0.0745880449    -0.0168943570
    4.4359288269    -0.4810138358    -0.1364759678     0.5000000000     0.0740302904     0.0697206049     0.0745880449    -0.0168943570
    4.4484951975    -0.4826908194    -0.1304207531     0.5000000000     0.0740302904     0.0696194450     0.0745880449    -0.0168943570
    4.4610615681    -0.4842915806    -0.1243449436     0.5000000000     0.0740302904     0.0695180147     0.0745880449    -0.0168943570
    4.4736279387    -0.4858158665    -0.1182494985     0.5000000000     0.0740302904     0.0694163310     0.0745880449    -0.0168943570
    4.4861943093    -0.4872634364    -0.1121353805     0.5000000000     0.0740302904     0.0693144106     0.0745880449    -0.0168943570
    4.4987606799    -0.4886340618    -0.1060035550     0.5000000000     0.0740302904     0.0692122702     0.0745880449    -0.0168943570
    4.5113270506    -0.4899275262    -0.0998549903     0.5000000000     0.0740302904     0.0691099265     0.0745880449    -0.0168943570
    4.5238934212    -0.4911436254    -0.0936906573     0.5000000000     0.0740302904     0.0690073964     0.0745880449    -0.0168943570
    4.5364597918    -0.4922821673    -0.0875115295     0.5000000000     0.0740302904     0.0689046967     0.0745880449    -0.0168943570
    4.5490261624    -0.4933429721    -0.0813185826     0.5000000000     0.0740302904     0.0688018439     0.0745880449    -0.0168943570
    4.5615925330    -0.4943258724    -0.0751127946     0.5000000000     0.0740302904     0.0686988550     0.0745880449    -0.0168943570
    4.5741589036    -0.4952307128    -0.0688951453     0.5000000000     0.0740302904     0.0685957466     0.0745880449    -0.0168943570
    4.5867252742    -0.4960573507    -0.0626666168     0.5000000000     0.0740302904     0.0684925354     0.0745880449    -0.0168943570
    4.5992916449    -0.4968056553    -0.0564281924     0.5000000000     0.0740302904     0.0683892381     0.0745880449    -0.0168943570
    4.6118580155    -0.4974755085    -0.0501808574     0.5000000000     0.0740302904     0.0682858714     0.0745880449    -0.0168943570
    4.6244243861    -0.4980668046    -0.0439255983     0.5000000000     0.0740302904     0.0681824519     0.0745880449    -0.0168943570
    4.6369907567    -0.4985794501    -0.0376634028     0.5000000000     0.0740302904     0.0680789963     0.0745880449    -0.0168943570
    4.6495571273    -0.4990133642    -0.0313952598     0.5000000000     0.0740302904     0.0679755210     0.0745880449    -0.0168943570
    4.6621234979    -0.4993684783    -0.0251221591     0.5000000000     0.0740302904     0.0678720427     0.0745880449    -0.0168943570
    4.6746898685    -0.4996447363    -0.0188450913     0.5000000000     0.0740302904     0.0677685779     0.0745880449    -0.0168943570
    4.6872562392    -0.4998420946    -0.0125650477     0.5000000000     0.0740302904     0.0676651429     0.0745880449    -0.0168943570
    4.6998226098    -0.4999605221    -0.0062830199     0.5000000000     0.0740302904     0.0675617544     0.0745880449    -0.0168943570
    4.7123889804    -0.5000000000     0.0000000000     0.5000000000     0.0740302904     0.0674584285     0.0745880449    -0.0168943570
    4.7249553510    -0.4999605221     0.0062830199     0.5000000000     0.0740302904     0.0673551817     0.0745880449    -0.0168943570
    4.7375217216    -0.4998420946     0.0125650477     0.5000000000     0.0740302904     0.0672520303     0.0745880449    -0.0168943570
    4.7500880922    -0.4996447363     0.0188450913     0.5000000000     0.0740302904     0.0671489905     0.0745880449    -0.0168943570
    4.7626544628    -0.4993684783     0.0251221591     0.5000000000     0.0740302904     0.0670460785     0.0745880449    -0.0168943570
    4.7752208335    -0.4990133642     0.0313952598     0.5000000000     0.0740302904     0.0669433103     0.0745880449    -0.0168943570
    4.7877872041    -0.4985794501     0.0376634028     0.5000000000     0.0740302904     0.0668407021     0.0745880449    -0.0168943570
    4.8003535747    -0.4980668046     0.0439255983     0.5000000000     0.0740302904     0.0667382698     0.0745880449    -0.0168943570
    4.8129199453    -0.4974755085     0.0501808574     0.5000000000     0.0740302904     0.0666360294     0.0745880449    -0.0168943570
    4.8254863159    -0.4968056553     0.0564281924     0.5000000000     0.0740302904     0.0665339968     0.0745880449    -0.0168943570
    4.8380526865    -0.4960573507     0.0626666168     0.5000000000     0.0740302904     0.0664321876     0.0745880449    -0.0168943570
    4.8506190571    -0.4952307128     0.0688951453     0.5000000000     0.0740302904     0.0663306178     0.0745880449    -0.0168943570
    4.8631854278    -0.4943258724     0.0751127946     0.5000000000     0.0740302904     0.0662293028     0.0745880449    -0.0168943570
    4.8757517984    -0.4933429721     0.0813185826     0.5000000000     0.0740302904     0.0661282584     0.0745880449    -0.0168943570
    4.8883181690    -0.4922821673     0.0875115295     0.5000000000     0.0740302904     0.0660274999     0.0745880449    -0.0168943570
    4.9008845396    -0.4911436254     0.0936906573     0.5000000000     0.0740302904     0.0659270429     0.0745880449    -0.0168943570
    4.9134509102    -0.4899275262     0.0998549903     0.5000000000     0.0740302904     0.0658269025     0.0745880449    -0.0168943570
    4.9260172808    -0.4886340618     0.1060035550     0.5000000000     0.0740302904     0.0657270942     0.0745880449    -0.0168943570
    4.9385836514    -0.4872634364     0.1121353805     0.5000000000     0.0740302904     0.0656276329     0.0745880449    -0.0168943570
    4.9511500221    -0.4858158665     0.1182494985     0.5000000000     0.0740302904     0.0655285339     0.0745880449    -0.0168943570
    4.9637163927    -0.4842915806     0.1243449436     0.5000000000     0.0740302904     0.0654298121     0.0745880449    -0.0168943570
    4.9762827633    -0.4826908194     0.1304207531     0.5000000000     0.0740302904     0.0653314824     0.0745880449    -0.0168943570
    4.9888491339    -0.4810138358     0.1364759678     0.5000000000     0.0740302904     0.0652335595     0.0745880449    -0.0168943570
    5.0014155045    -0.4792608945     0.1425096312     0.5000000000     0.0740302904     0.0651360582     0.0745880449    -0.0168943570
    5.0139818751    -0.4774322724     0.1485207908     0.5000000000     0.0740302904     0.0650389930     0.0745880449    -0.0168943570
    5.0265482457    -0.4755282581     0.1545084972     0.5000000000     0.0740302904     0.0649423786     0.0745880449    -0.0168943570
    5.0391146164    -0.4735491525     0.1604718049     0.5000000000     0.0740302904     0.0648462291     0.0745880449    -0.0168943570
    5.0516809870    -0.4714952679     0.1664097723     0.5000000000     0.0740302904     0.0647505591     0.0745880449    -0.0168943570
    5.0642473576    -0.4693669288     0.1723214616     0.5000000000     0.0740302904     0.0646553826     0.0745880449    -0.0168943570
    5.0768137282    -0.4671644712     0.1782059394     0.5000000000     0.0740302904     0.0645607136     0.0745880449    -0.0168943570
    5.0893800988    -0.4648882429     0.1840622763     0.5000000000     0.0740302904     0.0644665663     0.0745880449    -0.0168943570
    5.1019464694    -0.4625386034     0.1898895478     0.5000000000     0.0740302904     0.0643729544     0.0745880449    -0.0168943570
    5.1145128400    -0.4601159237     0.1956868334     0.5000000000     0.0740302904     0.0642798918     0.0745880449    -0.0168943570
    5.1270792107    -0.4576205863     0.2014532179     0.5000000000     0.0740302904     0.0641873919     0.0745880449    -0.0168943570
    5.1396455813    -0.4550529853     0.2071877905     0.5000000000     0.0740302904     0.0640954684     0.0745880449    -0.0168943570
    5.1522119519    -0.4524135262     0.2128896458     0.5000000000     0.0740302904     0.0640041347     0.0745880449    -0.0168943570
    5.1647783225    -0.4497026258     0.2185578833     0.5000000000     0.0740302904     0.0639134040     0.0745880449    -0.0168943570
    5.1773446931    -0.4469207121     0.2241916080     0.5000000000     0.0740302904     0.0638232895     0.0745880449    -0.0168943570
    5.1899110637    -0.4440682244     0.2297899303     0.5000000000     0.0740302904     0.0637338043     0.0745880449    -0.0168943570
    5.2024774343    -0.4411456132     0.2353519661     0.5000000000     0.0740302904     0.0636449612     0.0745880449    -0.0168943570
    5.2150438050    -0.4381533400     0.2408768371     0.5000000000     0.0740302904     0.0635567732     0.0745880449    -0.0168943570
    5.2276101756    -0.4350918773     0.2463636708     0.5000000000     0.0740302904     0.0634692528     0.0745880449    -0.0168943570
    5.2401765462    -0.4319617086     0.2518116008     0.5000000000     0.0740302904     0.0633824126     0.0745880449    -0.0168943570
    5.2527429168    -0.4287633281     0.2572197669     0.5000000000     0.0740302904     0.0632962650     0.0745880449    -0.0168943570
    5.2653092874    -0.4254972409     0.2625873150     0.5000000000     0.0740302904     0.0632108224     0.0745880449    -0.0168943570
    5.2778756580    -0.4221639628     0.2679133975     0.5000000000     0.0740302904     0.0631260969     0.0745880449    -0.0168943570
    5.2904420286    -0.4187640200     0.2731971734     0.5000000000     0.0740302904     0.0630421005     0.0745880449    -0.0168943570
    5.3030083993    -0.4152979496     0.2784378082     0.5000000000     0.0740302904     0.0629588452     0.0745880449    -0.0168943570
    5.3155747699    -0.4117662988     0.2836344746     0.5000000000     0.0740302904     0.0628763427     0.0745880449    -0.0168943570
    5.3281411405    -0.4081696254     0.2887863517     0.5000000000     0.0740302904     0.0627946047     0.0745880449    -0.0168943570
    5.3407075111    -0.4045084972     0.2938926261     0.5000000000     0.0740302904     0.0627136427     0.0745880449    -0.0168943570
    5.3532738817    -0.4007834924     0.2989524915     0.5000000000     0.0740302904     0.0626334680     0.0745880449    -0.0168943570
    5.3658402523    -0.3969951993     0.3039651488     0.5000000000     0.0740302904     0.0625540919     0.0745880449    -0.0168943570
    5.3784066229    -0.3931442161     0.3089298065     0.5000000000     0.0740302904     0.0624755255     0.0745880449    -0.0168943570
    5.3909729936    -0.3892311508     0.3138456806     0.5000000000     0.0740302904     0.0623977797     0.0745880449    -0.0168943570
    5.4035393642    -0.3852566214     0.3187119949     0.5000000000     0.0740302904     0.0623208654     0.0745880449    -0.0168943570
    5.4161057348    -0.3812212555     0.3235279808     0.5000000000     0.0740302904     0.0622447933     0.0745880449    -0.0168943570
    5.4286721054    -0.3771256904     0.3282928779     0.5000000000     0.0740302904     0.0621695739     0.0745880449    -0.0168943570
    5.4412384760    -0.3729705727     0.3330059337     0.5000000000     0.0740302904     0.0620952176     0.0745880449    -0.0168943570
    5.4538048466    -0.3687565587     0.3376664041     0.5000000000     0.0740302904     0.0620217346     0.0745880449    -0.0168943570
    5.4663712172    -0.3644843137     0.3422735530     0.5000000000     0.0740302904     0.0619491352     0.0745880449    -0.0168943570
    5.4789375879    -0.3601545124     0.3468266529     0.5000000000     0.0740302904     0.0618774293     0.0745880449    -0.0168943570
    5.4915039585    -0.3557678386     0.3513249849     0.5000000000     0.0740302904     0.0618066266     0.0745880449    -0.0168943570
    5.5040703291    -0.3513249849     0.3557678386     0.5000000000     0.0740302904     0.0617367369     0.0745880449    -0.0168943570
    5.5166366997    -0.3468266529     0.3601545124     0.5000000000     0.0740302904     0.0616677698     0.0745880449    -0.0168943570
    5.5292030703    -0.3422735530     0.3644843137     0.5000000000     0.0740302904     0.0615997347     0.0745880449    -0.0168943570
    5.5417694409    -0.3376664041     0.3687565587     0.5000000000     0.0740302904     0.0615326407     0.0745880449    -0.0168943570
    5.5543358115    -0.3330059337     0.3729705727     0.5000000000     0.0740302904     0.0614664971     0.0745880449    -0.0168943570
    5.5669021822    -0.3282928779     0.3771256904     0.5000000000     0.0740302904     0.0614013127     0.0745880449    -0.0168943570
    5.5794685528    -0.3235279808     0.3812212555     0.5000000000     0.0740302904     0.0613370964     0.0745880449    -0.0168943570
    5.5920349234    -0.3187119949     0.3852566214     0.5000000000     0.0740302904     0.0612738568     0.0745880449    -0.0168943570
    5.6046012940    -0.3138456806     0.3892311508     0.5000000000     0.0740302904     0.0612116026     0.0745880449    -0.0168943570
    5.6171676646    -0.3089298065     0.3931442161     0.5000000000     0.0740302904     0.0611503419     0.0745880449    -0.0168943570
    5.6297340352    -0.3039651488     0.3969951993     0.5000000000     0.0740302904     0.0610900832     0.0745880449    -0.0168943570
    5.6423004058    -0.2989524915     0.4007834924     0.5000000000     0.0740302904     0.0610308343     0.0745880449    -0.0168943570
    5.6548667765    -0.2938926261     0.4045084972     0.5000000000     0.0740302904     0.0609726034     0.0745880449    -0.0168943570
    5.6674331471    -0.2887863517     0.4081696254     0.5000000000     0.0740302904     0.0609153980     0.0745880449    -0.0168943570
    5.6799995177    -0.2836344746     0.4117662988     0.5000000000     0.0740302904     0.0608592259     0.0745880449    -0.0168943570
    5.6925658883    -0.2784378082     0.4152979496     0.5000000000     0.0740302904     0.0608040946     0.0745880449    -0.0168943570
    5.7051322589    -0.2731971734     0.4187640200     0.5000000000     0.0740302904     0.0607500113     0.0745880449    -0.0168943570
    5.7176986295    -0.2679133975     0.4221639628     0.5000000000     0.0740302904     0.0606969831     0.0745880449    -0.0168943570
    5.7302650001    -0.2625873150     0.4254972409     0.5000000000     0.0740302904     0.0606450173     0.0745880449    -0.0168943570
    5.7428313708    -0.2572197669     0.4287633281     0.5000000000     0.0740302904     0.0605941205     0.0745880449    -0.0168943570
    5.7553977414    -0.2518116008     0.4319617086     0.5000000000     0.0740302904     0.0605442995     0.0745880449    -0.0168943570
    5.7679641120    -0.2463636708     0.4350918773     0.5000000000     0.0740302904     0.0604955609     0.0745880449    -0.0168943570
    5.7805304826    -0.2408768371     0.4381533400     0.5000000000     0.0740302904     0.0604479111     0.0745880449    -0.0168943570
    5.7930968532    -0.2353519661     0.4411456132     0.5000000000     0.0740302904     0.0604013563     0.0745880449    -0.0168943570
    5.8056632238    -0.2297899303     0.4440682244     0.5000000000     0.0740302904     0.0603559026     0.0745880449    -0.0168943570
    5.8182295944    -0.2241916080     0.4469207121     0.5000000000     0.0740302904     0.0603115560     0.0745880449    -0.0168943570
    5.8307959651    -0.2185578833     0.4497026258     0.5000000000     0.0740302904     0.0602683223     0.0745880449    -0.0168943570
    5.8433623357    -0.2128896458     0.4524135262     0.5000000000     0.0740302904     0.0602262072     0.0745880449    -0.0168943570
    5.8559287063    -0.2071877905     0.4550529853     0.5000000000     0.0740302904     0.0601852161     0.0745880449    -0.0168943570
    5.8684950769    -0.2014532179     0.4576205863     0.5000000000     0.0740302904     0.0601453543     0.0745880449    -0.0168943570
    5.8810614475    -0.1956868334     0.4601159237     0.5000000000     0.0740302904     0.0601066270     0.0745880449    -0.0168943570
    5.8936278181    -0.1898895478     0.4625386034     0.5000000000     0.0740302904     0.0600690394     0.0745880449    -0.0168943570
    5.9061941887    -0.1840622763     0.4648882429     0.5000000000     0.0740302904     0.0600325961     0.0745880449    -0.0168943570
    5.9187605594    -0.1782059394     0.4671644712     0.5000000000     0.0740302904     0.0599973021     0.0745880449    -0.0168943570
    5.9313269300    -0.1723214616     0.4693669288     0.5000000000     0.0740302904     0.0599631617     0.0745880449    -0.0168943570
    5.9438933006    -0.1664097723     0.4714952679     0.5000000000     0.0740302904     0.0599301795     0.0745880449    -0.0168943570
    5.9564596712    -0.1604718049     0.4735491525     0.5000000000     0.0740302904     0.0598983597     0.0745880449    -0.0168943570
    5.9690260418    -0.1545084972     0.4755282581     0.5000000000     0.0740302904     0.0598677065     0.0745880449    -0.0168943570
    5.9815924124    -0.1485207908     0.4774322724     0.5000000000     0.0740302904     0.0598382236     0.0745880449    -0.0168943570
    5.9941587830    -0.1425096312     0.4792608945     0.5000000000     0.0740302904     0.0598099150     0.0745880449    -0.0168943570
    6.0067251537    -0.1364759678     0.4810138358     0.5000000000     0.0740302904     0.0597827843     0.0745880449    -0.0168943570
    6.0192915243    -0.1304207531     0.4826908194     0.5000000000     0.0740302904     0.0597568350     0.0745880449    -0.0168943570
    6.0318578949    -0.1243449436     0.4842915806     0.5000000000     0.0740302904     0.0597320704     0.0745880449    -0.0168943570
    6.0444242655    -0.1182494985     0.4858158665     0.5000000000     0.0740302904     0.0597084937     0.0745880449    -0.0168943570
    6.0569906361    -0.1121353805     0.4872634364     0.5000000000     0.0740302904     0.0596861079     0.0745880449    -0.0168943570
    6.0695570067    -0.1060035550     0.4886340618     0.5000000000     0.0740302904     0.0596649158     0.0745880449    -0.0168943570
    6.0821233773    -0.0998549903     0.4899275262     0.5000000000     0.0740302904     0.0596449202     0.0745880449    -0.0168943570
    6.0946897480    -0.0936906573     0.4911436254     0.5000000000     0.0740302904     0.0596261237     0.0745880449    -0.0168943570
    6.1072561186    -0.0875115295     0.4922821673     0.5000000000     0.0740302904     0.0596085286     0.0745880449    -0.0168943570
    6.1198224892    -0.0813185826     0.4933429721     0.5000000000     0.0740302904     0.0595921372     0.0745880449    -0.0168943570
    6.1323888598    -0.0751127946     0.4943258724     0.5000000000     0.0740302904     0.0595769516     0.0745880449    -0.0168943570
    6.1449552304    -0.0688951453     0.4952307128     0.5000000000     0.0740302904     0.0595629737     0.0745880449    -0.0168943570
    6.1575216010    -0.0626666168     0.4960573507     0.5000000000     0.0740302904     0.0595502053     0.0745880449    -0.0168943570
    6.1700879717    -0.0564281924     0.4968056553     0.5000000000     0.0740302904     0.0595386480     0.0745880449    -0.0168943570
    6.1826543423    -0.0501808574     0.4974755085     0.5000000000     0.0740302904     0.0595283034     0.0745880449    -0.0168943570
    6.1952207129    -0.0439255983     0.4980668046     0.5000000000     0.0740302904     0.0595191726     0.0745880449    -0.0168943570
    6.2077870835    -0.0376634028     0.4985794501     0.5000000000     0.0740302904     0.0595112570     0.0745880449    -0.0168943570
    6.2203534541    -0.0313952598     0.4990133642     0.5000000000     0.0740302904     0.0595045574     0.0745880449    -0.0168943570
    6.2329198247    -0.0251221591     0.4993684783     0.5000000000     0.0740302904     0.0594990748     0.0745880449    -0.0168943570
    6.2454861953    -0.0188450913     0.4996447363     0.5000000000     0.0740302904     0.0594948098     0.0745880449    -0.0168943570
    6.2580525660    -0.0125650477     0.4998420946     0.5000000000     0.0740302904     0.0594917630     0.0745880449    -0.0168943570
    6.2706189366    -0.0062830199     0.4999605221     0.5000000000     0.0740302904     0.0594899347     0.0745880449    -0.0168943570
