    0.0000000000     0.0000000000     0.5000000000     0.5000000000     0.0736626857     0.0472782741     0.0738186646
    0.0125663706     0.0062830199     0.4999605221     0.5000000000     0.0736626857     0.0472810100     0.0738186646
    0.0251327412     0.0125650477     0.4998420946     0.5000000000     0.0736626857     0.0472892162     0.0738186646
    0.0376991118     0.0188450913     0.4996447363     0.5000000000     0.0736626857     0.0473028878     0.0738186646
    0.0502654825     0.0251221591     0.4993684783     0.5000000000     0.0736626857     0.0473220168     0.0738186646
    0.0628318531     0.0313952598     0.4990133642     0.5000000000     0.0736626857     0.0473465920     0.0738186646
    0.0753982237     0.0376634028     0.4985794501     0.5000000000     0.0736626857     0.0473765992     0.0738186646
    0.0879645943     0.0439255983     0.4980668046     0.5000000000     0.0736626858     0.0474120207     0.0738186646
    0.1005309649     0.0501808574     0.4974755085     0.5000000000     0.0736626858     0.0474528358     0.0738186647
    0.1130973355     0.0564281924     0.4968056553     0.5000000000     0.0736626858     0.0474990207     0.0738186647
    0.1256637061     0.0626666168     0.4960573507     0.5000000000     0.0736626858     0.0475505484     0.0738186647
    0.1382300768     0.0688951453     0.4952307128     0.5000000000     0.0736626858     0.0476073887     0.0738186647
    0.1507964474     0.0751127946     0.4943258724     0.5000000000     0.0736626858     0.0476695084     0.0738186647
    0.1633628180     0.0813185826     0.4933429721     0.5000000000     0.0736626859     0.0477368712     0.0738186647
    0.1759291886     0.0875115295     0.4922821673     0.5000000000     0.0736626859     0.0478094377     0.0738186648
    0.1884955592     0.0936906573     0.4911436254     0.5000000000     0.0736626859     0.0478871655     0.0738186648
    0.2010619298     0.0998549903     0.4899275262     0.5000000000     0.0736626859     0.0479700090     0.0738186648
    0.2136283004     0.1060035550     0.4886340618     0.5000000000     0.0736626859     0.0480579199     0.0738186648
    0.2261946711     0.1121353805     0.4872634364     0.5000000000     0.0736626859     0.0481508468     0.0738186648
    0.2387610417     0.1182494985     0.4858158665     0.5000000000     0.0736626860     0.0482487353     0.0738186649
    0.2513274123     0.1243449436     0.4842915806     0.5000000000     0.0736626860     0.0483515283     0.0738186649
    0.2638937829     0.1304207531     0.4826908194     0.5000000000     0.0736626860     0.0484591656     0.0738186649
    0.2764601535     0.1364759678     0.4810138358     0.5000000000     0.0736626860     0.0485715845     0.0738186649
    0.2890265241     0.1425096312     0.4792608945     0.5000000000     0.0736626860     0.0486887192     0.0738186649
    0.3015928947     0.1485207908     0.4774322724     0.5000000000     0.0736626861     0.0488105015     0.0738186650
    0.3141592654     0.1545084972     0.4755282581     0.5000000000     0.0736626861     0.0489368603     0.0738186650
    0.3267256360     0.1604718049     0.4735491525     0.5000000000     0.0736626861     0.0490677219     0.0738186650
    0.3392920066     0.1664097723     0.4714952679     0.5000000000     0.0736626861     0.0492030102     0.0738186650
    0.3518583772     0.1723214616     0.4693669288     0.5000000000     0.0736626862     0.0493426464     0.0738186650
    0.3644247478     0.1782059394     0.4671644712     0.5000000000     0.0736626862     0.0494865494     0.0738186651
    0.3769911184     0.1840622763     0.4648882429     0.5000000000     0.0736626862     0.0496346356     0.0738186651
    0.3895574890     0.1898895478     0.4625386034     0.5000000000     0.0736626862     0.0497868192     0.0738186651
    0.4021238597     0.1956868334     0.4601159237     0.5000000000     0.0736626862     0.0499430121     0.0738186651
    0.4146902303     0.2014532179     0.4576205863     0.5000000000     0.0736626863     0.0501031239     0.0738186652
    0.4272566009     0.2071877905     0.4550529853     0.5000000000     0.0736626863     0.0502670623     0.0738186652
    0.4398229715     0.2128896458     0.4524135262     0.5000000000     0.0736626863     0.0504347329     0.0738186652
    0.4523893421     0.2185578833     0.4497026258     0.5000000000     0.0736626863     0.0506060394     0.0738186652
    0.4649557127     0.2241916080     0.4469207121     0.5000000000     0.0736626864     0.0507808835     0.0738186652
    0.4775220833     0.2297899303     0.4440682244     0.5000000000     0.0736626864     0.0509591652     0.0738186653
    0.4900884540     0.2353519661     0.4411456132     0.5000000000     0.0736626864     0.0511407829     0.0738186653
    0.5026548246     0.2408768371     0.4381533400     0.5000000000     0.0736626864     0.0513256335     0.0738186653
    0.5152211952     0.2463636708     0.4350918773     0.5000000000     0.0736626864     0.0515136120     0.0738186653
    0.5277875658     0.2518116008     0.4319617086     0.5000000000     0.0736626865     0.0517046125     0.0738186654
    0.5403539364     0.2572197669     0.4287633281     0.5000000000     0.0736626865     0.0518985274     0.0738186654
    0.5529203070     0.2625873150     0.4254972409     0.5000000000     0.0736626865     0.0520952483     0.0738186654
    0.5654866776     0.2679133975     0.4221639628     0.5000000000     0.0736626865     0.0522946653     0.0738186654
    0.5780530483     0.2731971734     0.4187640200     0.5000000000     0.0736626866     0.0524966678     0.0738186655
    0.5906194189     0.2784378082     0.4152979496     0.5000000000     0.0736626866     0.0527011444     0.0738186655
    0.6031857895     0.2836344746     0.4117662988     0.5000000000     0.0736626866     0.0529079826     0.0738186655
    0.6157521601     0.2887863517     0.4081696254     0.5000000000     0.0736626866     0.0531170695     0.0738186655
    0.6283185307     0.2938926261     0.4045084972     0.5000000000     0.0736626866     0.0533282916     0.0738186655
    0.6408849013     0.2989524915     0.4007834924     0.5000000000     0.0736626867     0.0535415352     0.0738186656
    0.6534512719     0.3039651488     0.3969951993     0.5000000000     0.0736626867     0.0537566858     0.0738186656
    0.6660176426     0.3089298065     0.3931442161     0.5000000000     0.0736626867     0.0539736293     0.0738186656
    0.6785840132     0.3138456806     0.3892311508     0.5000000000     0.0736626867     0.0541922511     0.0738186656
    0.6911503838     0.3187119949     0.3852566214     0.5000000000     0.0736626868     0.0544124369     0.0738186657
    0.7037167544     0.3235279808     0.3812212555     0.5000000000     0.0736626868     0.0546340724     0.0738186657
    0.7162831250     0.3282928779     0.3771256904     0.5000000000     0.0736626868     0.0548570437     0.0738186657
    0.7288494956     0.3330059337     0.3729705727     0.5000000000     0.0736626868     0.0550812374     0.0738186657
    0.7414158662     0.3376664041     0.3687565587     0.5000000000     0.0736626868     0.0553065405     0.0738186657
    0.7539822369     0.3422735530     0.3644843137     0.5000000000     0.0736626869     0.0555328406     0.0738186658
    0.7665486075     0.3468266529     0.3601545124     0.5000000000     0.0736626869     0.0557600262     0.0738186658
    0.7791149781     0.3513249849     0.3557678386     0.5000000000     0.0736626869     0.0559879867     0.0738186658
    0.7916813487     0.3557678386     0.3513249849     0.5000000000     0.0736626869     0.0562166123     0.0738186658
    0.8042477193     0.3601545124     0.3468266529     0.5000000000     0.0736626869     0.0564457946     0.0738186658
    0.8168140899     0.3644843137     0.3422735530     0.5000000000     0.0736626870     0.0566754263     0.0738186659
    0.8293804605     0.3687565587     0.3376664041     0.5000000000     0.0736626870     0.0569054013     0.0738186659
    0.8419468312     0.3729705727     0.3330059337     0.5000000000     0.0736626870     0.0571356151     0.0738186659
    0.8545132018     0.3771256904     0.3282928779     0.5000000000     0.0736626870     0.0573659648     0.0738186659
    0.8670795724     0.3812212555     0.3235279808     0.5000000000     0.0736626870     0.0575963490     0.0738186659
    0.8796459430     0.3852566214     0.3187119949     0.5000000000     0.0736626871     0.0578266682     0.0738186660
    0.8922123136     0.3892311508     0.3138456806     0.5000000000     0.0736626871     0.0580568247     0.0738186660
    0.9047786842     0.3931442161     0.3089298065     0.5000000000     0.0736626871     0.0582867227     0.0738186660
    0.9173450548     0.3969951993     0.3039651488     0.5000000000     0.0736626871     0.0585162684     0.0738186660
    0.9299114255     0.4007834924     0.2989524915     0.5000000000     0.0736626871     0.0587453704     0.0738186660
    0.9424777961     0.4045084972     0.2938926261     0.5000000000     0.0736626871     0.0589739391     0.0738186660
    0.9550441667     0.4081696254     0.2887863517     0.5000000000     0.0736626871     0.0592018876     0.0738186660
    0.9676105373     0.4117662988     0.2836344746     0.5000000000     0.0736626872     0.0594291310     0.0738186661
    0.9801769079     0.4152979496     0.2784378082     0.5000000000     0.0736626872     0.0596555872     0.0738186661
    0.9927432785     0.4187640200     0.2731971734     0.5000000000     0.0736626872     0.0598811762     0.0738186661
    1.0053096491     0.4221639628     0.2679133975     0.5000000000     0.0736626872     0.0601058209     0.0738186661
    1.0178760198     0.4254972409     0.2625873150     0.5000000000     0.0736626872     0.0603294466     0.0738186661
    1.0304423904     0.4287633281     0.2572197669     0.5000000000     0.0736626872     0.0605519815     0.0738186661
    1.0430087610     0.4319617086     0.2518116008     0.5000000000     0.0736626872     0.0607733563     0.0738186661
    1.0555751316     0.4350918773     0.2463636708     0.5000000000     0.0736626873     0.0609935046     0.0738186662
    1.0681415022     0.4381533400     0.2408768371     0.5000000000     0.0736626873     0.0612123628     0.0738186662
    1.0807078728     0.4411456132     0.2353519661     0.5000000000     0.0736626873     0.0614298700     0.0738186662
    1.0932742434     0.4440682244     0.2297899303     0.5000000000     0.0736626873     0.0616459684     0.0738186662
    1.1058406141     0.4469207121     0.2241916080     0.5000000000     0.0736626873     0.0618606028     0.0738186662
    1.1184069847     0.4497026258     0.2185578833     0.5000000000     0.0736626873     0.0620737212     0.0738186662
    1.1309733553     0.4524135262     0.2128896458     0.5000000000     0.0736626873     0.0622852744     0.0738186662
    1.1435397259     0.4550529853     0.2071877905     0.5000000000     0.0736626873     0.0624952160     0.0738186662
    1.1561060965     0.4576205863     0.2014532179     0.5000000000     0.0736626873     0.0627035028     0.0738186662
    1.1686724671     0.4601159237     0.1956868334     0.5000000000     0.0736626873     0.0629100942     0.0738186662
    1.1812388377     0.4625386034     0.1898895478     0.5000000000     0.0736626873     0.0631149528     0.0738186662
    1.1938052084     0.4648882429     0.1840622763     0.5000000000     0.0736626874     0.0633180440     0.0738186662
    1.2063715790     0.4671644712     0.1782059394     0.5000000000     0.0736626874     0.0635193360     0.0738186662
    1.2189379496     0.4693669288     0.1723214616     0.5000000000     0.0736626874     0.0637188001     0.0738186663
    1.2315043202     0.4714952679     0.1664097723     0.5000000000     0.0736626874     0.0639164103     0.0738186663
    1.2440706908     0.4735491525     0.1604718049     0.5000000000     0.0736626874     0.0641121432     0.0738186663
    1.2566370614     0.4755282581     0.1545084972     0.5000000000     0.0736626874     0.0643059787     0.0738186663
    1.2692034321     0.4774322724     0.1485207908     0.5000000000     0.0736626874     0.0644978989     0.0738186663
    1.2817698027     0.4792608945     0.1425096312     0.5000000000     0.0736626874     0.0646878889     0.0738186663
    1.2943361733     0.4810138358     0.1364759678     0.5000000000     0.0736626874     0.0648759364     0.0738186663
    1.3069025439     0.4826908194     0.1304207531     0.5000000000     0.0736626874     0.0650620317     0.0738186663
    1.3194689145     0.4842915806     0.1243449436     0.5000000000     0.0736626874     0.0652461674     0.0738186663
    1.3320352851     0.4858158665     0.1182494985     0.5000000000     0.0736626874     0.0654283390     0.0738186663
    1.3446016557     0.4872634364     0.1121353805     0.5000000000     0.0736626874     0.0656085441     0.0738186663
    1.3571680264     0.4886340618     0.1060035550     0.5000000000     0.0736626874     0.0657867827     0.0738186663
    1.3697343970     0.4899275262     0.0998549903     0.5000000000     0.0736626874     0.0659630571     0.0738186663
    1.3823007676     0.4911436254     0.0936906573     0.5000000000     0.0736626874     0.0661373720     0.0738186663
    1.3948671382     0.4922821673     0.0875115295     0.5000000000     0.0736626874     0.0663097339     0.0738186663
    1.4074335088     0.4933429721     0.0813185826     0.5000000000     0.0736626874     0.0664801516     0.0738186662
    1.4199998794     0.4943258724     0.0751127946     0.5000000000     0.0736626874     0.0666486358     0.0738186662
    1.4325662500     0.4952307128     0.0688951453     0.5000000000     0.0736626874     0.0668151990     0.0738186662
    1.4451326207     0.4960573507     0.0626666168     0.5000000000     0.0736626874     0.0669798558     0.0738186662
    1.4576989913     0.4968056553     0.0564281924     0.5000000000     0.0736626873     0.0671426222     0.0738186662
    1.4702653619     0.4974755085     0.0501808574     0.5000000000     0.0736626873     0.0673035161     0.0738186662
    1.4828317325     0.4980668046     0.0439255983     0.5000000000     0.0736626873     0.0674625568     0.0738186662
    1.4953981031     0.4985794501     0.0376634028     0.5000000000     0.0736626873     0.0676197651     0.0738186662
    1.5079644737     0.4990133642     0.0313952598     0.5000000000     0.0736626873     0.0677751632     0.0738186662
    1.5205308443     0.4993684783     0.0251221591     0.5000000000     0.0736626873     0.0679287747     0.0738186662
    1.5330972150     0.4996447363     0.0188450913     0.5000000000     0.0736626873     0.0680806242     0.0738186662
    1.5456635856     0.4998420946     0.0125650477     0.5000000000     0.0736626873     0.0682307375     0.0738186662
    1.5582299562     0.4999605221     0.0062830199     0.5000000000     0.0736626873     0.0683791414     0.0738186662
    1.5707963268     0.5000000000    -0.0000000000     0.5000000000     0.0736626873     0.0685258638     0.0738186661
    1.5833626974     0.4999605221    -0.0062830199     0.5000000000     0.0736626873     0.0686709331     0.0738186661
    1.5959290680     0.4998420946    -0.0125650477     0.5000000000     0.0736626872     0.0688143788     0.0738186661
    1.6084954386     0.4996447363    -0.0188450913     0.5000000000     0.0736626872     0.0689562308     0.0738186661
    1.6210618093     0.4993684783    -0.0251221591     0.5000000000     0.0736626872     0.0690965198     0.0738186661
    1.6336281799     0.4990133642    -0.0313952598     0.5000000000     0.0736626872     0.0692352767     0.0738186661
    1.6461945505     0.4985794501    -0.0376634028     0.5000000000     0.0736626872     0.0693725331     0.0738186661
    1.6587609211     0.4980668046    -0.0439255983     0.5000000000     0.0736626872     0.0695083207     0.0738186660
    1.6713272917     0.4974755085    -0.0501808574     0.5000000000     0.0736626872     0.0696426716     0.0738186660
    1.6838936623     0.4968056553    -0.0564281924     0.5000000000     0.0736626871     0.0697756178     0.0738186660
    1.6964600329     0.4960573507    -0.0626666168     0.5000000000     0.0736626871     0.0699071916     0.0738186660
    1.7090264036     0.4952307128    -0.0688951453     0.5000000000     0.0736626871     0.0700374252     0.0738186660
    1.7215927742     0.4943258724    -0.0751127946     0.5000000000     0.0736626871     0.0701663508     0.0738186660
    1.7341591448     0.4933429721    -0.0813185826     0.5000000000     0.0736626871     0.0702940003     0.0738186659
    1.7467255154     0.4922821673    -0.0875115295     0.5000000000     0.0736626871     0.0704204054     0.0738186659
    1.7592918860     0.4911436254    -0.0936906573     0.5000000000     0.0736626870     0.0705455976     0.0738186659
    1.7718582566     0.4899275262    -0.0998549903     0.5000000000     0.0736626870     0.0706696079     0.0738186659
    1.7844246272     0.4886340618    -0.1060035550     0.5000000000     0.0736626870     0.0707924669     0.0738186659
    1.7969909979     0.4872634364    -0.1121353805     0.5000000000     0.0736626870     0.0709142047     0.0738186659
    1.8095573685     0.4858158665    -0.1182494985     0.5000000000     0.0736626870     0.0710348510     0.0738186658
    1.8221237391     0.4842915806    -0.1243449436     0.5000000000     0.0736626870     0.0711544346     0.0738186658
    1.8346901097     0.4826908194    -0.1304207531     0.5000000000     0.0736626869     0.0712729839     0.0738186658
    1.8472564803     0.4810138358    -0.1364759678     0.5000000000     0.0736626869     0.0713905262     0.0738186658
    1.8598228509     0.4792608945    -0.1425096312     0.5000000000     0.0736626869     0.0715070885     0.0738186658
    1.8723892215     0.4774322724    -0.1485207908     0.5000000000     0.0736626869     0.0716226966     0.0738186657
    1.8849555922     0.4755282581    -0.1545084972     0.5000000000     0.0736626868     0.0717373757     0.0738186657
    1.8975219628     0.4735491525    -0.1604718049     0.5000000000     0.0736626868     0.0718511498     0.0738186657
    1.9100883334     0.4714952679    -0.1664097723     0.5000000000     0.0736626868     0.0719640421     0.0738186657
    1.9226547040     0.4693669288    -0.1723214616     0.5000000000     0.0736626868     0.0720760750     0.0738186656
    1.9352210746     0.4671644712    -0.1782059394     0.5000000000     0.0736626868     0.0721872696     0.0738186656
    1.9477874452     0.4648882429    -0.1840622763     0.5000000000     0.0736626867     0.0722976460     0.0738186656
    1.9603538158     0.4625386034    -0.1898895478     0.5000000000     0.0736626867     0.0724072234     0.0738186656
    1.9729201865     0.4601159237    -0.1956868334     0.5000000000     0.0736626867     0.0725160198     0.0738186656
    1.9854865571     0.4576205863    -0.2014532179     0.5000000000     0.0736626867     0.0726240519     0.0738186655
    1.9980529277     0.4550529853    -0.2071877905     0.5000000000     0.0736626866     0.0727313356     0.0738186655
    2.0106192983     0.4524135262    -0.2128896458     0.5000000000     0.0736626866     0.0728378853     0.0738186655
    2.0231856689     0.4497026258    -0.2185578833     0.5000000000     0.0736626866     0.0729437145     0.0738186655
    2.0357520395     0.4469207121    -0.2241916080     0.5000000000     0.0736626866     0.0730488354     0.0738186654
    2.0483184101     0.4440682244    -0.2297899303     0.5000000000     0.0736626866     0.0731532590     0.0738186654
    2.0608847808     0.4411456132    -0.2353519661     0.5000000000     0.0736626865     0.0732569952     0.0738186654
    2.0734511514     0.4381533400    -0.2408768371     0.5000000000     0.0736626865     0.0733600524     0.0738186654
    2.0860175220     0.4350918773    -0.2463636708     0.5000000000     0.0736626865     0.0734624383     0.0738186654
    2.0985838926     0.4319617086    -0.2518116008     0.5000000000     0.0736626865     0.0735641589     0.0738186653
    2.1111502632     0.4287633281    -0.2572197669     0.5000000000     0.0736626864     0.0736652193     0.0738186653
    2.1237166338     0.4254972409    -0.2625873150     0.5000000000     0.0736626864     0.0737656233     0.0738186653
    2.1362830044     0.4221639628    -0.2679133975     0.5000000000     0.0736626864     0.0738653736     0.0738186653
    2.1488493751     0.4187640200    -0.2731971734     0.5000000000     0.0736626864     0.0739644717     0.0738186652
    2.1614157457     0.4152979496    -0.2784378082     0.5000000000     0.0736626863     0.0740629178     0.0738186652
    2.1739821163     0.4117662988    -0.2836344746     0.5000000000     0.0736626863     0.0741607111     0.0738186652
    2.1865484869     0.4081696254    -0.2887863517     0.5000000000     0.0736626863     0.0742578496     0.0738186652
    2.1991148575     0.4045084972    -0.2938926261     0.5000000000     0.0736626863     0.0743543304     0.0738186651
    2.2116812281     0.4007834924    -0.2989524915     0.5000000000     0.0736626862     0.0744501491     0.0738186651
    2.2242475987     0.3969951993    -0.3039651488     0.5000000000     0.0736626862     0.0745453006     0.0738186651
    2.2368139694     0.3931442161    -0.3089298065     0.5000000000     0.0736626862     0.0746397786     0.0738186651
    2.2493803400     0.3892311508    -0.3138456806     0.5000000000     0.0736626862     0.0747335756     0.0738186651
    2.2619467106     0.3852566214    -0.3187119949     0.5000000000     0.0736626862     0.0748266835     0.0738186650
    2.2745130812     0.3812212555    -0.3235279808     0.5000000000     0.0736626861     0.0749190930     0.0738186650
    2.2870794518     0.3771256904    -0.3282928779     0.5000000000     0.0736626861     0.0750107937     0.0738186650
    2.2996458224     0.3729705727    -0.3330059337     0.5000000000     0.0736626861     0.0751017746     0.0738186650
    2.3122121930     0.3687565587    -0.3376664041     0.5000000000     0.0736626861     0.0751920235     0.0738186650
    2.3247785637     0.3644843137    -0.3422735530     0.5000000000     0.0736626860     0.0752815278     0.0738186649
    2.3373449343     0.3601545124    -0.3468266529     0.5000000000     0.0736626860     0.0753702735     0.0738186649
    2.3499113049     0.3557678386    -0.3513249849     0.5000000000     0.0736626860     0.0754582462     0.0738186649
    2.3624776755     0.3513249849    -0.3557678386     0.5000000000     0.0736626860     0.0755454308     0.0738186649
    2.3750440461     0.3468266529    -0.3601545124     0.5000000000     0.0736626860     0.0756318112     0.0738186649
    2.3876104167     0.3422735530    -0.3644843137     0.5000000000     0.0736626859     0.0757173707     0.0738186648
    2.4001767873     0.3376664041    -0.3687565587     0.5000000000     0.0736626859     0.0758020922     0.0738186648
    2.4127431580     0.3330059337    -0.3729705727     0.5000000000     0.0736626859     0.0758859576     0.0738186648
    2.4253095286     0.3282928779    -0.3771256904     0.5000000000     0.0736626859     0.0759689486     0.0738186648
    2.4378758992     0.3235279808    -0.3812212555     0.5000000000     0.0736626859     0.0760510461     0.0738186648
    2.4504422698     0.3187119949    -0.3852566214     0.5000000000     0.0736626859     0.0761322307     0.0738186647
    2.4630086404     0.3138456806    -0.3892311508     0.5000000000     0.0736626858     0.0762124823     0.0738186647
    2.4755750110     0.3089298065    -0.3931442161     0.5000000000     0.0736626858     0.0762917806     0.0738186647
    2.4881413816     0.3039651488    -0.3969951993     0.5000000000     0.0736626858     0.0763701048     0.0738186647
    2.5007077523     0.2989524915    -0.4007834924     0.5000000000     0.0736626858     0.0764474338     0.0738186647
    2.5132741229     0.2938926261    -0.4045084972     0.5000000000     0.0736626858     0.0765237462     0.0738186647
    2.5258404935     0.2887863517    -0.4081696254     0.5000000000     0.0736626858     0.0765990202     0.0738186646
    2.5384068641     0.2836344746    -0.4117662988     0.5000000000     0.0736626857     0.0766732340     0.0738186646
    2.5509732347     0.2784378082    -0.4152979496     0.5000000000     0.0736626857     0.0767463654     0.0738186646
    2.5635396053     0.2731971734    -0.4187640200     0.5000000000     0.0736626857     0.0768183921     0.0738186646
    2.5761059759     0.2679133975    -0.4221639628     0.5000000000     0.0736626857     0.0768892917     0.0738186646
    2.5886723466     0.2625873150    -0.4254972409     0.5000000000     0.0736626857     0.0769590417     0.0738186646
    2.6012387172     0.2572197669    -0.4287633281     0.5000000000     0.0736626857     0.0770276196     0.0738186646
    2.6138050878     0.2518116008    -0.4319617086     0.5000000000     0.0736626857     0.0770950027     0.0738186646
    2.6263714584     0.2463636708    -0.4350918773     0.5000000000     0.0736626856     0.0771611686     0.0738186645
    2.6389378290     0.2408768371    -0.4381533400     0.5000000000     0.0736626856     0.0772260947     0.0738186645
    2.6515041996     0.2353519661    -0.4411456132     0.5000000000     0.0736626856     0.0772897586     0.0738186645
    2.6640705702     0.2297899303    -0.4440682244     0.5000000000     0.0736626856     0.0773521379     0.0738186645
    2.6766369409     0.2241916080    -0.4469207121     0.5000000000     0.0736626856     0.0774132107     0.0738186645
    2.6892033115     0.2185578833    -0.4497026258     0.5000000000     0.0736626856     0.0774729548     0.0738186645
    2.7017696821     0.2128896458    -0.4524135262     0.5000000000     0.0736626856     0.0775313485     0.0738186645
    2.7143360527     0.2071877905    -0.4550529853     0.5000000000     0.0736626856     0.0775883704     0.0738186645
    2.7269024233     0.2014532179    -0.4576205863     0.5000000000     0.0736626856     0.0776439991     0.0738186645
    2.7394687939     0.1956868334    -0.4601159237     0.5000000000     0.0736626856     0.0776982137     0.0738186645
    2.7520351645     0.1898895478    -0.4625386034     0.5000000000     0.0736626856     0.0777509937     0.0738186645
    2.7646015352     0.1840622763    -0.4648882429     0.5000000000     0.0736626856     0.0778023188     0.0738186644
    2.7771679058     0.1782059394    -0.4671644712     0.5000000000     0.0736626855     0.0778521690     0.0738186644
    2.7897342764     0.1723214616    -0.4693669288     0.5000000000     0.0736626855     0.0779005250     0.0738186644
    2.8023006470     0.1664097723    -0.4714952679     0.5000000000     0.0736626855     0.0779473677     0.0738186644
    2.8148670176     0.1604718049    -0.4735491525     0.5000000000     0.0736626855     0.0779926786     0.0738186644
    2.8274333882     0.1545084972    -0.4755282581     0.5000000000     0.0736626855     0.0780364394     0.0738186644
    2.8399997588     0.1485207908    -0.4774322724     0.5000000000     0.0736626855     0.0780786327     0.0738186644
    2.8525661295     0.1425096312    -0.4792608945     0.5000000000     0.0736626855     0.0781192413     0.0738186644
    2.8651325001     0.1364759678    -0.4810138358     0.5000000000     0.0736626855     0.0781582488     0.0738186644
    2.8776988707     0.1304207531    -0.4826908194     0.5000000000     0.0736626855     0.0781956392     0.0738186644
    2.8902652413     0.1243449436    -0.4842915806     0.5000000000     0.0736626855     0.0782313970     0.0738186644
    2.9028316119     0.1182494985    -0.4858158665     0.5000000000     0.0736626855     0.0782655075     0.0738186644
    2.9153979825     0.1121353805    -0.4872634364     0.5000000000     0.0736626855     0.0782979564     0.0738186644
    2.9279643531     0.1060035550    -0.4886340618     0.5000000000     0.0736626855     0.0783287304     0.0738186644
    2.9405307238     0.0998549903    -0.4899275262     0.5000000000     0.0736626855     0.0783578164     0.0738186644
    2.9530970944     0.0936906573    -0.4911436254     0.5000000000     0.0736626855     0.0783852023     0.0738186644
    2.9656634650     0.0875115295    -0.4922821673     0.5000000000     0.0736626855     0.0784108764     0.0738186644
    2.9782298356     0.0813185826    -0.4933429721     0.5000000000     0.0736626856     0.0784348280     0.0738186644
    2.9907962062     0.0751127946    -0.4943258724     0.5000000000     0.0736626856     0.0784570467     0.0738186645
    3.0033625768     0.0688951453    -0.4952307128     0.5000000000     0.0736626856     0.0784775233     0.0738186645
    3.0159289474     0.0626666168    -0.4960573507     0.5000000000     0.0736626856     0.0784962488     0.0738186645
    3.0284953181     0.0564281924    -0.4968056553     0.5000000000     0.0736626856     0.0785132153     0.0738186645
    3.0410616887     0.0501808574    -0.4974755085     0.5000000000     0.0736626856     0.0785284156     0.0738186645
    3.0536280593     0.0439255983    -0.4980668046     0.5000000000     0.0736626856     0.0785418431     0.0738186645
    3.0661944299     0.0376634028    -0.4985794501     0.5000000000     0.0736626856     0.0785534919     0.0738186645
    3.0787608005     0.0313952598    -0.4990133642     0.5000000000     0.0736626856     0.0785633572     0.0738186645
    3.0913271711     0.0251221591    -0.4993684783     0.5000000000     0.0736626856     0.0785714346     0.0738186645
    3.1038935417     0.0188450913    -0.4996447363     0.5000000000     0.0736626856     0.0785777206     0.0738186645
    3.1164599124     0.0125650477    -0.4998420946     0.5000000000     0.0736626856     0.0785822126     0.0738186645
    3.1290262830     0.0062830199    -0.4999605221     0.5000000000     0.0736626856     0.0785849086     0.0738186645
    3.1415926536    -0.0000000000    -0.5000000000     0.5000000000     0.0736626857     0.0785858073     0.0738186646
    3.1541590242    -0.0062830199    -0.4999605221     0.5000000000     0.0736626857     0.0785849086     0.0738186646
    3.1667253948    -0.0125650477    -0.4998420946     0.5000000000     0.0736626857     0.0785822126     0.0738186646
    3.1792917654    -0.0188450913    -0.4996447363     0.5000000000     0.0736626857     0.0785777206     0.0738186646
    3.1918581360    -0.0251221591    -0.4993684783     0.5000000000     0.0736626857     0.0785714345     0.0738186646
    3.2044245067    -0.0313952598    -0.4990133642     0.5000000000     0.0736626857     0.0785633571     0.0738186646
    3.2169908773    -0.0376634028    -0.4985794501     0.5000000000     0.0736626857     0.0785534919     0.0738186646
    3.2295572479    -0.0439255983    -0.4980668046     0.5000000000     0.0736626858     0.0785418430     0.0738186646
    3.2421236185    -0.0501808574    -0.4974755085     0.5000000000     0.0736626858     0.0785284155     0.0738186647
    3.2546899891    -0.0564281924    -0.4968056553     0.5000000000     0.0736626858     0.0785132153     0.0738186647
    3.2672563597    -0.0626666168    -0.4960573507     0.5000000000     0.0736626858     0.0784962487     0.0738186647
    3.2798227303    -0.0688951453    -0.4952307128     0.5000000000     0.0736626858     0.0784775232     0.0738186647
    3.2923891010    -0.0751127946    -0.4943258724     0.5000000000     0.0736626858     0.0784570466     0.0738186647
    3.3049554716    -0.0813185826    -0.4933429721     0.5000000000     0.0736626859     0.0784348279     0.0738186647
    3.3175218422    -0.0875115295    -0.4922821673     0.5000000000     0.0736626859     0.0784108763     0.0738186648
    3.3300882128    -0.0936906573    -0.4911436254     0.5000000000     0.0736626859     0.0783852022     0.0738186648
    3.3426545834    -0.0998549903    -0.4899275262     0.5000000000     0.0736626859     0.0783578163     0.0738186648
    3.3552209540    -0.1060035550    -0.4886340618     0.5000000000     0.0736626859     0.0783287303     0.0738186648
    3.3677873246    -0.1121353805    -0.4872634364     0.5000000000     0.0736626859     0.0782979563     0.0738186648
    3.3803536953    -0.1182494985    -0.4858158665     0.5000000000     0.0736626860     0.0782655073     0.0738186649
    3.3929200659    -0.1243449436    -0.4842915806     0.5000000000     0.0736626860     0.0782313968     0.0738186649
    3.4054864365    -0.1304207531    -0.4826908194     0.5000000000     0.0736626860     0.0781956390     0.0738186649
    3.4180528071    -0.1364759678    -0.4810138358     0.5000000000     0.0736626860     0.0781582486     0.0738186649
    3.4306191777    -0.1425096312    -0.4792608945     0.5000000000     0.0736626860     0.0781192412     0.0738186649
    3.4431855483    -0.1485207908    -0.4774322724     0.5000000000     0.0736626861     0.0780786325     0.0738186650
    3.4557519189    -0.1545084972    -0.4755282581     0.5000000000     0.0736626861     0.0780364392     0.0738186650
    3.4683182896    -0.1604718049    -0.4735491525     0.5000000000     0.0736626861     0.0779926783     0.0738186650
    3.4808846602    -0.1664097723    -0.4714952679     0.5000000000     0.0736626861     0.0779473675     0.0738186650
    3.4934510308    -0.1723214616    -0.4693669288     0.5000000000     0.0736626862     0.0779005248     0.0738186650
    3.5060174014    -0.1782059394    -0.4671644712     0.5000000000     0.0736626862     0.0778521688     0.0738186651
    3.5185837720    -0.1840622763    -0.4648882429     0.5000000000     0.0736626862     0.0778023186     0.0738186651
    3.5311501426    -0.1898895478    -0.4625386034     0.5000000000     0.0736626862     0.0777509935     0.0738186651
    3.5437165132    -0.1956868334    -0.4601159237     0.5000000000     0.0736626862     0.0776982135     0.0738186651
    3.5562828839    -0.2014532179    -0.4576205863     0.5000000000     0.0736626863     0.0776439988     0.0738186652
    3.5688492545    -0.2071877905    -0.4550529853     0.5000000000     0.0736626863     0.0775883701     0.0738186652
    3.5814156251    -0.2128896458    -0.4524135262     0.5000000000     0.0736626863     0.0775313482     0.0738186652
    3.5939819957    -0.2185578833    -0.4497026258     0.5000000000     0.0736626863     0.0774729545     0.0738186652
    3.6065483663    -0.2241916080    -0.4469207121     0.5000000000     0.0736626864     0.0774132104     0.0738186652
    3.6191147369    -0.2297899303    -0.4440682244     0.5000000000     0.0736626864     0.0773521377     0.0738186653
    3.6316811075    -0.2353519661    -0.4411456132     0.5000000000     0.0736626864     0.0772897583     0.0738186653
    3.6442474782    -0.2408768371    -0.4381533400     0.5000000000     0.0736626864     0.0772260944     0.0738186653
    3.6568138488    -0.2463636708    -0.4350918773     0.5000000000     0.0736626864     0.0771611683     0.0738186653
    3.6693802194    -0.2518116008    -0.4319617086     0.5000000000     0.0736626865     0.0770950025     0.0738186654
    3.6819465900    -0.2572197669    -0.4287633281     0.5000000000     0.0736626865     0.0770276193     0.0738186654
    3.6945129606    -0.2625873150    -0.4254972409     0.5000000000     0.0736626865     0.0769590415     0.0738186654
    3.7070793312    -0.2679133975    -0.4221639628     0.5000000000     0.0736626865     0.0768892914     0.0738186654
    3.7196457019    -0.2731971734    -0.4187640200     0.5000000000     0.0736626866     0.0768183918     0.0738186655
    3.7322120725    -0.2784378082    -0.4152979496     0.5000000000     0.0736626866     0.0767463651     0.0738186655
    3.7447784431    -0.2836344746    -0.4117662988     0.5000000000     0.0736626866     0.0766732337     0.0738186655
    3.7573448137    -0.2887863517    -0.4081696254     0.5000000000     0.0736626866     0.0765990199     0.0738186655
    3.7699111843    -0.2938926261    -0.4045084972     0.5000000000     0.0736626866     0.0765237459     0.0738186655
    3.7824775549    -0.2989524915    -0.4007834924     0.5000000000     0.0736626867     0.0764474335     0.0738186656
    3.7950439255    -0.3039651488    -0.3969951993     0.5000000000     0.0736626867     0.0763701045     0.0738186656
    3.8076102962    -0.3089298065    -0.3931442161     0.5000000000     0.0736626867     0.0762917803     0.0738186656
    3.8201766668    -0.3138456806    -0.3892311508     0.5000000000     0.0736626867     0.0762124820     0.0738186656
    3.8327430374    -0.3187119949    -0.3852566214     0.5000000000     0.0736626868     0.0761322304     0.0738186657
    3.8453094080    -0.3235279808    -0.3812212555     0.5000000000     0.0736626868     0.0760510459     0.0738186657
    3.8578757786    -0.3282928779    -0.3771256904     0.5000000000     0.0736626868     0.0759689483     0.0738186657
    3.8704421492    -0.3330059337    -0.3729705727     0.5000000000     0.0736626868     0.0758859573     0.0738186657
    3.8830085198    -0.3376664041    -0.3687565587     0.5000000000     0.0736626868     0.0758020919     0.0738186657
    3.8955748905    -0.3422735530    -0.3644843137     0.5000000000     0.0736626869     0.0757173704     0.0738186658
    3.9081412611    -0.3468266529    -0.3601545124     0.5000000000     0.0736626869     0.0756318109     0.0738186658
    3.9207076317    -0.3513249849    -0.3557678386     0.5000000000     0.0736626869     0.0755454305     0.0738186658
    3.9332740023    -0.3557678386    -0.3513249849     0.5000000000     0.0736626869     0.0754582460     0.0738186658
    3.9458403729    -0.3601545124    -0.3468266529     0.5000000000     0.0736626869     0.0753702732     0.0738186658
    3.9584067435    -0.3644843137    -0.3422735530     0.5000000000     0.0736626870     0.0752815275     0.0738186659
    3.9709731141    -0.3687565587    -0.3376664041     0.5000000000     0.0736626870     0.0751920233     0.0738186659
    3.9835394848    -0.3729705727    -0.3330059337     0.5000000000     0.0736626870     0.0751017743     0.0738186659
    3.9961058554    -0.3771256904    -0.3282928779     0.5000000000     0.0736626870     0.0750107934     0.0738186659
    4.0086722260    -0.3812212555    -0.3235279808     0.5000000000     0.0736626870     0.0749190927     0.0738186659
    4.0212385966    -0.3852566214    -0.3187119949     0.5000000000     0.0736626871     0.0748266833     0.0738186660
    4.0338049672    -0.3892311508    -0.3138456806     0.5000000000     0.0736626871     0.0747335754     0.0738186660
    4.0463713378    -0.3931442161    -0.3089298065     0.5000000000     0.0736626871     0.0746397783     0.0738186660
    4.0589377084    -0.3969951993    -0.3039651488     0.5000000000     0.0736626871     0.0745453004     0.0738186660
    4.0715040791    -0.4007834924    -0.2989524915     0.5000000000     0.0736626871     0.0744501489     0.0738186660
    4.0840704497    -0.4045084972    -0.2938926261     0.5000000000     0.0736626871     0.0743543301     0.0738186660
    4.0966368203    -0.4081696254    -0.2887863517     0.5000000000     0.0736626871     0.0742578494     0.0738186660
    4.1092031909    -0.4117662988    -0.2836344746     0.5000000000     0.0736626872     0.0741607108     0.0738186661
    4.1217695615    -0.4152979496    -0.2784378082     0.5000000000     0.0736626872     0.0740629175     0.0738186661
    4.1343359321    -0.4187640200    -0.2731971734     0.5000000000     0.0736626872     0.0739644714     0.0738186661
    4.1469023027    -0.4221639628    -0.2679133975     0.5000000000     0.0736626872     0.0738653734     0.0738186661
    4.1594686734    -0.4254972409    -0.2625873150     0.5000000000     0.0736626872     0.0737656231     0.0738186661
    4.1720350440    -0.4287633281    -0.2572197669     0.5000000000     0.0736626872     0.0736652191     0.0738186661
    4.1846014146    -0.4319617086    -0.2518116008     0.5000000000     0.0736626872     0.0735641587     0.0738186661
    4.1971677852    -0.4350918773    -0.2463636708     0.5000000000     0.0736626873     0.0734624381     0.0738186662
    4.2097341558    -0.4381533400    -0.2408768371     0.5000000000     0.0736626873     0.0733600522     0.0738186662
    4.2223005264    -0.4411456132    -0.2353519661     0.5000000000     0.0736626873     0.0732569950     0.0738186662
    4.2348668970    -0.4440682244    -0.2297899303     0.5000000000     0.0736626873     0.0731532589     0.0738186662
    4.2474332677    -0.4469207121    -0.2241916080     0.5000000000     0.0736626873     0.0730488353     0.0738186662
    4.2599996383    -0.4497026258    -0.2185578833     0.5000000000     0.0736626873     0.0729437144     0.0738186662
    4.2725660089    -0.4524135262    -0.2128896458     0.5000000000     0.0736626873     0.0728378852     0.0738186662
    4.2851323795    -0.4550529853    -0.2071877905     0.5000000000     0.0736626873     0.0727313354     0.0738186662
    4.2976987501    -0.4576205863    -0.2014532179     0.5000000000     0.0736626873     0.0726240518     0.0738186662
    4.3102651207    -0.4601159237    -0.1956868334     0.5000000000     0.0736626873     0.0725160196     0.0738186662
    4.3228314913    -0.4625386034    -0.1898895478     0.5000000000     0.0736626873     0.0724072233     0.0738186662
    4.3353978620    -0.4648882429    -0.1840622763     0.5000000000     0.0736626874     0.0722976459     0.0738186662
    4.3479642326    -0.4671644712    -0.1782059394     0.5000000000     0.0736626874     0.0721872695     0.0738186662
    4.3605306032    -0.4693669288    -0.1723214616     0.5000000000     0.0736626874     0.0720760749     0.0738186663
    4.3730969738    -0.4714952679    -0.1664097723     0.5000000000     0.0736626874     0.0719640420     0.0738186663
    4.3856633444    -0.4735491525    -0.1604718049     0.5000000000     0.0736626874     0.0718511497     0.0738186663
    4.3982297150    -0.4755282581    -0.1545084972     0.5000000000     0.0736626874     0.0717373756     0.0738186663
    4.4107960856    -0.4774322724    -0.1485207908     0.5000000000     0.0736626874     0.0716226966     0.0738186663
    4.4233624563    -0.4792608945    -0.1425096312     0.5000000000     0.0736626874     0.0715070885     0.0738186663
    4.4359288269    -0.4810138358    -0.1364759678     0.5000000000     0.0736626874     0.0713905262     0.0738186663
    4.4484951975    -0.4826908194    -0.1304207531     0.5000000000     0.0736626874     0.0712729838     0.0738186663
    4.4610615681    -0.4842915806    -0.1243449436     0.5000000000     0.0736626874     0.0711544346     0.0738186663
    4.4736279387    -0.4858158665    -0.1182494985     0.5000000000     0.0736626874     0.0710348510     0.0738186663
    4.4861943093    -0.4872634364    -0.1121353805     0.5000000000     0.0736626874     0.0709142047     0.0738186663
    4.4987606799    -0.4886340618    -0.1060035550     0.5000000000     0.0736626874     0.0707924668     0.0738186663
    4.5113270506    -0.4899275262    -0.0998549903     0.5000000000     0.0736626874     0.0706696078     0.0738186663
    4.5238934212    -0.4911436254    -0.0936906573     0.5000000000     0.0736626874     0.0705455976     0.0738186663
    4.5364597918    -0.4922821673    -0.0875115295     0.5000000000     0.0736626874     0.0704204054     0.0738186663
    4.5490261624    -0.4933429721    -0.0813185826     0.5000000000     0.0736626874     0.0702940003     0.0738186662
    4.5615925330    -0.4943258724    -0.0751127946     0.5000000000     0.0736626874     0.0701663508     0.0738186662
    4.5741589036    -0.4952307128    -0.0688951453     0.5000000000     0.0736626874     0.0700374253     0.0738186662
    4.5867252742    -0.4960573507    -0.0626666168     0.5000000000     0.0736626874     0.0699071916     0.0738186662
    4.5992916449    -0.4968056553    -0.0564281924     0.5000000000     0.0736626873     0.0697756178     0.0738186662
    4.6118580155    -0.4974755085    -0.0501808574     0.5000000000     0.0736626873     0.0696426716     0.0738186662
    4.6244243861    -0.4980668046    -0.0439255983     0.5000000000     0.0736626873     0.0695083208     0.0738186662
    4.6369907567    -0.4985794501    -0.0376634028     0.5000000000     0.0736626873     0.0693725332     0.0738186662
    4.6495571273    -0.4990133642    -0.0313952598     0.5000000000     0.0736626873     0.0692352768     0.0738186662
    4.6621234979    -0.4993684783    -0.0251221591     0.5000000000     0.0736626873     0.0690965199     0.0738186662
    4.6746898685    -0.4996447363    -0.0188450913     0.5000000000     0.0736626873     0.0689562309     0.0738186662
    4.6872562392    -0.4998420946    -0.0125650477     0.5000000000     0.0736626873     0.0688143789     0.0738186662
    4.6998226098    -0.4999605221    -0.0062830199     0.5000000000     0.0736626873     0.0686709332     0.0738186662
    4.7123889804    -0.5000000000     0.0000000000     0.5000000000     0.0736626873     0.0685258639     0.0738186661
    4.7249553510    -0.4999605221     0.0062830199     0.5000000000     0.0736626873     0.0683791415     0.0738186661
    4.7375217216    -0.4998420946     0.0125650477     0.5000000000     0.0736626872     0.0682307376     0.0738186661
    4.7500880922    -0.4996447363     0.0188450913     0.5000000000     0.0736626872     0.0680806243     0.0738186661
    4.7626544628    -0.4993684783     0.0251221591     0.5000000000     0.0736626872     0.0679287748     0.0738186661
    4.7752208335    -0.4990133642     0.0313952598     0.5000000000     0.0736626872     0.0677751634     0.0738186661
    4.7877872041    -0.4985794501     0.0376634028     0.5000000000     0.0736626872     0.0676197652     0.0738186661
    4.8003535747    -0.4980668046     0.0439255983     0.5000000000     0.0736626872     0.0674625569     0.0738186660
    4.8129199453    -0.4974755085     0.0501808574     0.5000000000     0.0736626872     0.0673035163     0.0738186660
    4.8254863159    -0.4968056553     0.0564281924     0.5000000000     0.0736626871     0.0671426224     0.0738186660
    4.8380526865    -0.4960573507     0.0626666168     0.5000000000     0.0736626871     0.0669798560     0.0738186660
    4.8506190571    -0.4952307128     0.0688951453     0.5000000000     0.0736626871     0.0668151992     0.0738186660
    4.8631854278    -0.4943258724     0.0751127946     0.5000000000     0.0736626871     0.0666486359     0.0738186660
    4.8757517984    -0.4933429721     0.0813185826     0.5000000000     0.0736626871     0.0664801518     0.0738186659
    4.8883181690    -0.4922821673     0.0875115295     0.5000000000     0.0736626871     0.0663097341     0.0738186659
    4.9008845396    -0.4911436254     0.0936906573     0.5000000000     0.0736626870     0.0661373722     0.0738186659
    4.9134509102    -0.4899275262     0.0998549903     0.5000000000     0.0736626870     0.0659630573     0.0738186659
    4.9260172808    -0.4886340618     0.1060035550     0.5000000000     0.0736626870     0.0657867828     0.0738186659
    4.9385836514    -0.4872634364     0.1121353805     0.5000000000     0.0736626870     0.0656085442     0.0738186659
    4.9511500221    -0.4858158665     0.1182494985     0.5000000000     0.0736626870     0.0654283392     0.0738186658
    4.9637163927    -0.4842915806     0.1243449436     0.5000000000     0.0736626870     0.0652461676     0.0738186658
    4.9762827633    -0.4826908194     0.1304207531     0.5000000000     0.0736626869     0.0650620318     0.0738186658
    4.9888491339    -0.4810138358     0.1364759678     0.5000000000     0.0736626869     0.0648759366     0.0738186658
    5.0014155045    -0.4792608945     0.1425096312     0.5000000000     0.0736626869     0.0646878891     0.0738186658
    5.0139818751    -0.4774322724     0.1485207908     0.5000000000     0.0736626869     0.0644978991     0.0738186657
    5.0265482457    -0.4755282581     0.1545084972     0.5000000000     0.0736626868     0.0643059789     0.0738186657
    5.0391146164    -0.4735491525     0.1604718049     0.5000000000     0.0736626868     0.0641121434     0.0738186657
    5.0516809870    -0.4714952679     0.1664097723     0.5000000000     0.0736626868     0.0639164105     0.0738186657
    5.0642473576    -0.4693669288     0.1723214616     0.5000000000     0.0736626868     0.0637188003     0.0738186656
    5.0768137282    -0.4671644712     0.1782059394     0.5000000000     0.0736626868     0.0635193363     0.0738186656
    5.0893800988    -0.4648882429     0.1840622763     0.5000000000     0.0736626867     0.0633180442     0.0738186656
    5.1019464694    -0.4625386034     0.1898895478     0.5000000000     0.0736626867     0.0631149530     0.0738186656
    5.1145128400    -0.4601159237     0.1956868334     0.5000000000     0.0736626867     0.0629100944     0.0738186656
    5.1270792107    -0.4576205863     0.2014532179     0.5000000000     0.0736626867     0.0627035030     0.0738186655
    5.1396455813    -0.4550529853     0.2071877905     0.5000000000     0.0736626866     0.0624952163     0.0738186655
    5.1522119519    -0.4524135262     0.2128896458     0.5000000000     0.0736626866     0.0622852746     0.0738186655
    5.1647783225    -0.4497026258     0.2185578833     0.5000000000     0.0736626866     0.0620737215     0.0738186655
    5.1773446931    -0.4469207121     0.2241916080     0.5000000000     0.0736626866     0.0618606030     0.0738186654
    5.1899110637    -0.4440682244     0.2297899303     0.5000000000     0.0736626866     0.0616459686     0.0738186654
    5.2024774343    -0.4411456132     0.2353519661     0.5000000000     0.0736626865     0.0614298702     0.0738186654
    5.2150438050    -0.4381533400     0.2408768371     0.5000000000     0.0736626865     0.0612123630     0.0738186654
    5.2276101756    -0.4350918773     0.2463636708     0.5000000000     0.0736626865     0.0609935048     0.0738186654
    5.2401765462    -0.4319617086     0.2518116008     0.5000000000     0.0736626865     0.0607733565     0.0738186653
    5.2527429168    -0.4287633281     0.2572197669     0.5000000000     0.0736626864     0.0605519817     0.0738186653
    5.2653092874    -0.4254972409     0.2625873150     0.5000000000     0.0736626864     0.0603294468     0.0738186653
    5.2778756580    -0.4221639628     0.2679133975     0.5000000000     0.0736626864     0.0601058211     0.0738186653
    5.2904420286    -0.4187640200     0.2731971734     0.5000000000     0.0736626864     0.0598811764     0.0738186652
    5.3030083993    -0.4152979496     0.2784378082     0.5000000000     0.0736626863     0.0596555874     0.0738186652
    5.3155747699    -0.4117662988     0.2836344746     0.5000000000     0.0736626863     0.0594291313     0.0738186652
    5.3281411405    -0.4081696254     0.2887863517     0.5000000000     0.0736626863     0.0592018878     0.0738186652
    5.3407075111    -0.4045084972     0.2938926261     0.5000000000     0.0736626863     0.0589739393     0.0738186651
    5.3532738817    -0.4007834924     0.2989524915     0.5000000000     0.0736626862     0.0587453706     0.0738186651
    5.3658402523    -0.3969951993     0.3039651488     0.5000000000     0.0736626862     0.0585162686     0.0738186651
    5.3784066229    -0.3931442161     0.3089298065     0.5000000000     0.0736626862     0.0582867229     0.0738186651
    5.3909729936    -0.3892311508     0.3138456806     0.5000000000     0.0736626862     0.0580568249     0.0738186651
    5.4035393642    -0.3852566214     0.3187119949     0.5000000000     0.0736626862     0.0578266684     0.0738186650
    5.4161057348    -0.3812212555     0.3235279808     0.5000000000     0.0736626861     0.0575963492     0.0738186650
    5.4286721054    -0.3771256904     0.3282928779     0.5000000000     0.0736626861     0.0573659650     0.0738186650
    5.4412384760    -0.3729705727     0.3330059337     0.5000000000     0.0736626861     0.0571356153     0.0738186650
    5.4538048466    -0.3687565587     0.3376664041     0.5000000000     0.0736626861     0.0569054015     0.0738186650
    5.4663712172    -0.3644843137     0.3422735530     0.5000000000     0.0736626860     0.0566754265     0.0738186649
    5.4789375879    -0.3601545124     0.3468266529     0.5000000000     0.0736626860     0.0564457948     0.0738186649
    5.4915039585    -0.3557678386     0.3513249849     0.5000000000     0.0736626860     0.0562166125     0.0738186649
    5.5040703291    -0.3513249849     0.3557678386     0.5000000000     0.0736626860     0.0559879869     0.0738186649
    5.5166366997    -0.3468266529     0.3601545124     0.5000000000     0.0736626860     0.0557600264     0.0738186649
    5.5292030703    -0.3422735530     0.3644843137     0.5000000000     0.0736626859     0.0555328408     0.0738186648
    5.5417694409    -0.3376664041     0.3687565587     0.5000000000     0.0736626859     0.0553065407     0.0738186648
    5.5543358115    -0.3330059337     0.3729705727     0.5000000000     0.0736626859     0.0550812376     0.0738186648
    5.5669021822    -0.3282928779     0.3771256904     0.5000000000     0.0736626859     0.0548570439     0.0738186648
    5.5794685528    -0.3235279808     0.3812212555     0.5000000000     0.0736626859     0.0546340726     0.0738186648
    5.5920349234    -0.3187119949     0.3852566214     0.5000000000     0.0736626859     0.0544124370     0.0738186647
    5.6046012940    -0.3138456806     0.3892311508     0.5000000000     0.0736626858     0.0541922513     0.0738186647
    5.6171676646    -0.3089298065     0.3931442161     0.5000000000     0.0736626858     0.0539736295     0.0738186647
    5.6297340352    -0.3039651488     0.3969951993     0.5000000000     0.0736626858     0.0537566860     0.0738186647
    5.6423004058    -0.2989524915     0.4007834924     0.5000000000     0.0736626858     0.0535415353     0.0738186647
    5.6548667765    -0.2938926261     0.4045084972     0.5000000000     0.0736626858     0.0533282918     0.0738186647
    5.6674331471    -0.2887863517     0.4081696254     0.5000000000     0.0736626858     0.0531170696     0.0738186646
    5.6799995177    -0.2836344746     0.4117662988     0.5000000000     0.0736626857     0.0529079827     0.0738186646
    5.6925658883    -0.2784378082     0.4152979496     0.5000000000     0.0736626857     0.0527011445     0.0738186646
    5.7051322589    -0.2731971734     0.4187640200     0.5000000000     0.0736626857     0.0524966680     0.0738186646
    5.7176986295    -0.2679133975     0.4221639628     0.5000000000     0.0736626857     0.0522946654     0.0738186646
    5.7302650001    -0.2625873150     0.4254972409     0.5000000000     0.0736626857     0.0520952484     0.0738186646
    5.7428313708    -0.2572197669     0.4287633281     0.5000000000     0.0736626857     0.0518985276     0.0738186646
    5.7553977414    -0.2518116008     0.4319617086     0.5000000000     0.0736626857     0.0517046126     0.0738186646
    5.7679641120    -0.2463636708     0.4350918773     0.5000000000     0.0736626856     0.0515136121     0.0738186645
    5.7805304826    -0.2408768371     0.4381533400     0.5000000000     0.0736626856     0.0513256336     0.0738186645
    5.7930968532    -0.2353519661     0.4411456132     0.5000000000     0.0736626856     0.0511407831     0.0738186645
    5.8056632238    -0.2297899303     0.4440682244     0.5000000000     0.0736626856     0.0509591653     0.0738186645
    5.8182295944    -0.2241916080     0.4469207121     0.5000000000     0.0736626856     0.0507808836     0.0738186645
    5.8307959651    -0.2185578833     0.4497026258     0.5000000000     0.0736626856     0.0506060395     0.0738186645
    5.8433623357    -0.2128896458     0.4524135262     0.5000000000     0.0736626856     0.0504347331     0.0738186645
    5.8559287063    -0.2071877905     0.4550529853     0.5000000000     0.0736626856     0.0502670624     0.0738186645
    5.8684950769    -0.2014532179     0.4576205863     0.5000000000     0.0736626856     0.0501031240     0.0738186645
    5.8810614475    -0.1956868334     0.4601159237     0.5000000000     0.0736626856     0.0499430122     0.0738186645
    5.8936278181    -0.1898895478     0.4625386034     0.5000000000     0.0736626856     0.0497868193     0.0738186645
    5.9061941887    -0.1840622763     0.4648882429     0.5000000000     0.0736626856     0.0496346357     0.0738186644
    5.9187605594    -0.1782059394     0.4671644712     0.5000000000     0.0736626855     0.0494865495     0.0738186644
    5.9313269300    -0.1723214616     0.4693669288     0.5000000000     0.0736626855     0.0493426465     0.0738186644
    5.9438933006    -0.1664097723     0.4714952679     0.5000000000     0.0736626855     0.0492030103     0.0738186644
    5.9564596712    -0.1604718049     0.4735491525     0.5000000000     0.0736626855     0.0490677220     0.0738186644
    5.9690260418    -0.1545084972     0.4755282581     0.5000000000     0.0736626855     0.0489368603     0.0738186644
    5.9815924124    -0.1485207908     0.4774322724     0.5000000000     0.0736626855     0.0488105016     0.0738186644
    5.9941587830    -0.1425096312     0.4792608945     0.5000000000     0.0736626855     0.0486887193     0.0738186644
    6.0067251537    -0.1364759678     0.4810138358     0.5000000000     0.0736626855     0.0485715845     0.0738186644
    6.0192915243    -0.1304207531     0.4826908194     0.5000000000     0.0736626855     0.0484591657     0.0738186644
    6.0318578949    -0.1243449436     0.4842915806     0.5000000000     0.0736626855     0.0483515283     0.0738186644
    6.0444242655    -0.1182494985     0.4858158665     0.5000000000     0.0736626855     0.0482487354     0.0738186644
    6.0569906361    -0.1121353805     0.4872634364     0.5000000000     0.0736626855     0.0481508469     0.0738186644
    6.0695570067    -0.1060035550     0.4886340618     0.5000000000     0.0736626855     0.0480579200     0.0738186644
    6.0821233773    -0.0998549903     0.4899275262     0.5000000000     0.0736626855     0.0479700091     0.0738186644
    6.0946897480    -0.0936906573     0.4911436254     0.5000000000     0.0736626855     0.0478871655     0.0738186644
    6.1072561186    -0.0875115295     0.4922821673     0.5000000000     0.0736626855     0.0478094378     0.0738186644
    6.1198224892    -0.0813185826     0.4933429721     0.5000000000     0.0736626856     0.0477368713     0.0738186644
    6.1323888598    -0.0751127946     0.4943258724     0.5000000000     0.0736626856     0.0476695085     0.0738186645
    6.1449552304    -0.0688951453     0.4952307128     0.5000000000     0.0736626856     0.0476073888     0.0738186645
    6.1575216010    -0.0626666168     0.4960573507     0.5000000000     0.0736626856     0.0475505484     0.0738186645
    6.1700879717    -0.0564281924     0.4968056553     0.5000000000     0.0736626856     0.0474990207     0.0738186645
    6.1826543423    -0.0501808574     0.4974755085     0.5000000000     0.0736626856     0.0474528358     0.0738186645
    6.1952207129    -0.0439255983     0.4980668046     0.5000000000     0.0736626856     0.0474120207     0.0738186645
    6.2077870835    -0.0376634028     0.4985794501     0.5000000000     0.0736626856     0.0473765992     0.0738186645
    6.2203534541    -0.0313952598     0.4990133642     0.5000000000     0.0736626856     0.0473465920     0.0738186645
    6.2329198247    -0.0251221591     0.4993684783     0.5000000000     0.0736626856     0.0473220168     0.0738186645
    6.2454861953    -0.0188450913     0.4996447363     0.5000000000     0.0736626856     0.0473028878     0.0738186645
    6.2580525660    -0.0125650477     0.4998420946     0.5000000000     0.0736626856     0.0472892162     0.0738186645
    6.2706189366    -0.0062830199     0.4999605221     0.5000000000     0.0736626856     0.0472810100     0.0738186645
